4.0 0.0
3.464101615137755 1.9999999999999998
2.0000000000000004 3.4641016151377544
2.4492935982947064e-16 4.0
-1.9999999999999991 3.464101615137755
-3.464101615137754 2.0000000000000013
-4.0 4.898587196589413e-16
-3.4641016151377553 -1.999999999999999
-2.0000000000000018 -3.4641016151377535
-7.347880794884119e-16 -4.0
1.9999999999999973 -3.464101615137756
3.4641016151377535 -2.0000000000000018
3.998074134166682 3.344951322661409e-08
3.462180563231249 1.9987309352194649
1.9987051192853846 3.462190416369705
1.4153350932791748e-08 3.9980833201308617
-1.9987051198633317 3.462190416359014
-3.4621805635964487 1.9987309083042846
-3.998074134153945 -2.9339071909162925e-08
-3.4621805641871815 -1.9987308697617587
-1.9987051224316494 -3.462190416338711
-3.210509549581668e-08 -3.998083320114608
1.998705117911664 -3.46219041641029
3.462180563382957 -1.9987309192943166
3.9927917801805335 9.604528989519813e-08
3.45691191300321 1.9952771923791996
1.9951819210036321 3.456948828069689
4.2896672301657845e-08 3.9928261297102168
-1.9951819081109285 3.456948828048473
-3.456911914022934 1.9952771210807072
-3.9927917801677903 -7.363108788730839e-08
-3.456911915619991 -1.9952770194306948
-1.9951819094366283 -3.4569488279887737
-7.598384665391135e-08 -3.992826129648679
1.9951819157085624 -3.4569488282509986
3.456911913425677 -1.995277153692741
3.983002018983833 1.8382173656476865e-07
3.4471486198974106 1.9889310360939512
1.9887085508789286 3.44723741574877
8.648604564818352e-08 3.9830845930054237
-1.9887085135985103 3.447237415699819
-3.4471486217326803 1.9889309147205796
-3.9830020189674817 -1.2370547154319563e-07
-3.4471486247154184 -1.9889307228243631
-1.9887085010760708 -3.4472374155378107
-1.2060997515892165e-07 -3.9830845928632868
1.988708542229731 -3.4472374160873747
3.4471486206634863 -1.9889309689035495
3.967781987534661 2.952458170526707e-07
3.4319717017653817 1.979154664528091
1.9787357752795969 3.4321457381543596
1.5147966853160764e-07 3.967943873103457
-1.978735683434415 3.432145738226239
-3.431971704649292 1.9791544848653526
-3.9677819874820353 -1.6002521895518082e-07
-3.4319717092608064 -1.979154183116439
-1.978735653809855 -3.432145737843998
-1.450957887407733e-07 -3.967943872807406
1.9787357408040067 -3.432145739007417
3.431971703120754 -1.979154547856492
3.946396189429327 4.290873260717941e-07
3.4106497917134244 1.9655493953410086
1.9648554225757102 3.41095235567876
2.3514257950908084e-07 3.946677869841232
-1.964855246162123 3.4109523562331296
-3.410649795964963 1.9655491455147491
-3.9463961893009873 -1.7856190118606346e-07
-3.41064980228172 -1.9655487217682261
-1.9648551975442967 -3.4109523555090697
-1.4240061964225736e-07 -3.9466778692828655
1.9648553336408543 -3.4109523576529863
3.410649793819241 -1.9655491986984146
3.9182634977544994 5.802259738150662e-07
3.382606461141673 1.9478302710760287
1.9467744797484345 3.383092450711351
3.4313801763913506e-07 3.918716484321266
-1.9467741907729985 3.3830924520960304
-3.3826064674057204 1.9478299399498737
-3.9182634975141126 -1.8546800949907026e-07
-3.382606475401597 -1.9478293847246035
-1.9467741170429702 -3.383092451073806
-1.1953913273701867e-07 -3.9187164834347357
1.946774298742168 -3.383092454679111
3.382606464225332 -1.9478299716402288
3.8829299675709574 7.520323853330023e-07
3.347393502600068 1.9258049838041496
1.9242936358429183 3.3481312819634046
4.8999430612031e-07 3.883618558739309
-1.924293207489812 3.348131284863484
-3.3473935115016755 1.92580455496734
-3.8829299672025797 -1.883945535884224e-07
-3.347393521638053 -1.925803849823262
-1.924293101513583 -3.348131283618869
-8.255351636987912e-08 -3.8836185574903626
1.9242933308929961 -3.348131288782167
3.34739350730919 -1.925804545587061
3.840046279924344 9.577532583713257e-07
3.3046691365447916 1.8993562689531065
1.8972895386339168 3.305742458690197
6.851568928913514e-07 3.8410493385918465
-1.8972889293706148 3.305742464255843
-3.304669149231073 1.8993557114459396
-3.8400462794673107 -1.9028438099671178e-07
-3.304669161420715 -1.8993548481053137
-1.897288792121149 -3.3057424627047753
-3.542294144051415e-08 -3.841049337015984
1.8972890657467403 -3.305742469713842
3.304669143870007 -1.8993556477320728
3.789349028743485 1.183996003162294e-06
3.254180845250763 1.8684260998566917
1.865700139184518 3.25569063411591
9.136420737161447e-07 3.7907617283874684
-1.865699324292869 3.2556906425594736
-3.2541808622366135 1.8684253936103483
-3.789349028235311 -1.9198513701343574e-07
-3.2541808765154046 -1.8684243660830944
-1.8656991530987757 -3.2556906411095916
1.8082051986745992e-08 -3.7907617265183764
1.8656994685180335 -3.2556906500323124
3.254180854657532 -1.8684252780133181
3.730645732253843 1.4204760610292373e-06
3.195759440585213 1.8329845656705623
1.8295065402407884 3.197823444849303
1.178428824970686e-06 3.732582132776785
-1.8295055096224606 3.1978234532074024
-3.195759459610181 1.8329836958585823
-3.730645731744788 -1.8360241592766728e-07
-3.1957594751957172 -1.832982514382119
-1.829505296560021 -3.197823451790012
7.893386751666005e-08 -3.7325821308070246
1.829505664450791 -3.197823462481574
3.195759450290358 -1.8329835277622828
3.663815668452336 1.6568791454685357e-06
3.1293632937214233 1.7930408575607832
1.7887501261176109 3.132109666726718
1.4562060037995667e-06 3.6664382091383287
-1.788748857421782 3.132109656519113
-3.129363319233287 1.7930398295401282
-3.6638156661325705 -1.70968626426144e-07
-3.1293633381288686 -1.7930385111444656
-1.7887486118791562 -3.1321096795749463
1.496267280610656e-07 -3.66643820596221
1.7887490593567212 -3.1321097040049666
3.1293633004437993 -1.7930395942601738
3.5890952578829896 1.883608175877112e-06
3.0548689056832794 1.748322564555829
1.743072041851159 3.058443753407334
1.7334607113286965e-06 3.592651696369914
-1.743070535177829 3.0584437114979863
-3.054868941715734 1.748321395936034
-3.5890952448706823 -1.5483865337180978e-07
-3.054868965200971 -1.7483199747471276
-1.7430702645548668 -3.0584437765137373
2.3245012139805091e-07 -3.592651699740843
1.7430708110150968 -3.0584438234165097
3.054868907283126 -1.7483210812247567
3.506943952033878 2.0926933243616808e-06
2.9730357469804725 1.6995156752338667
1.6932348497900718 2.9776243843084345
1.9980904186457827e-06 3.511686276340775
-1.6932330972467817 2.9776243131410447
-2.9730357858433023 1.6995143724752244
-3.506943900829349 -1.478976538931291e-07
-2.97303581818778 -1.699512885172814
-1.6932328051795378 -2.9776244336816404
3.1268234394181397e-07 -3.511686285397785
1.6932334660062578 -2.9776244861837298
2.9730357368277676 -1.699513970303092
3.418144141144489 2.2822129958952945e-06
2.8836027978595067 1.6461838540008265
1.6402343749222588 2.891109972370882
2.2609074110044542e-06 3.4244059502827215
-1.640232280472842 2.891109748545706
-2.8836028343217164 1.64618243336876
-3.4181440356823085 -1.5848926843312117e-07
-2.883602878362851 -1.6461809188220116
-1.640232046000041 -2.891110013329552
4.0509543001013447e-07 -3.424405965940049
1.6402327778684234 -2.8911100026970975
2.883602770608843 -1.6461819235319832
3.3233455058210635 2.4429630344863893e-06
2.787575046382434 1.5891403832691149
1.5846273062670746 2.7993633390370727
2.508559928341274e-06 3.3319281057658428
-1.5846247807154032 2.799362907542258
-2.7875750979261147 1.5891388252090353
-3.3233453283018357 -1.6537728307383439e-07
-2.787575116652683 -1.589137336068375
-1.5846246638186146 -2.79936336828786
5.061862620601271e-07 -3.3319281286884497
1.5846254327597142 -2.799363218015225
2.7875750284236647 -1.5891382139432135
3.223503718386705 2.6044104416157625e-06
2.687659207664338 1.530069971773127
1.5274878117855495 2.704065376773399
2.7596092800268984e-06 3.235012274789145
-1.527484789729322 2.704064665201449
-2.684551284179883 1.5281382278192681
-3.223503449402462 -2.1183782641893916e-07
-2.6845512501616935 -1.5281368092166938
-1.527484857191485 -2.704065377119394
6.251601988437598e-07 -3.2350123124596304
1.5274856102772962 -2.7040650264446118
2.6845512163729115 -1.5281375030193405
3.1189412362821396 -0.0003279382982454509
2.585627750154473 1.4700019016807349
1.4686963365639985 2.605007982340526
2.922498140006489e-06 3.1347269518724734
-1.469501424851231 2.605668759636209
-2.576068512305766 1.4642636378598013
-3.118967646796639 -3.009256741544697e-07
-2.5760909459830064 -1.4642571609795043
-1.4695019592380112 -2.6056698141325163
7.32892968428693e-07 -3.134727115408739
1.4695014825559072 -2.6056688153605654
2.575758366210815 -1.4639925860468457
3.0109854849193436 -0.0013483210645017106
2.4828964262627085 1.4098115626265253
1.4081521740314873 2.502326440850173
2.262609154752879e-05 3.0317004633650755
-1.411720260563488 2.5058693453861474
-2.462302747826684 1.3974931015277507
-3.010933461875085 3.024921351377944e-05
-2.462513806656802 -1.397536011619136
-1.4117084405720546 -2.505845492548081
1.3437346653894943e-06 -3.0316187244005453
1.4115266148303673 -2.5054419010364377
2.461109623184726 -1.3966924239523786
2.899749318874858 -0.003262715163240819
2.3803977988091405 1.3500535843045194
1.3460696308286153 2.396446311920493
0.00024465164193866555 2.9266825589111565
-1.3545719383074517 2.4047346697561864
-2.3450318195454862 1.3290440898784515
-2.899708177051232 0.0001139876538963475
-2.3453313669182863 -1.3291070307990172
-1.3544836137275253 -2.4046055550115764
-9.02035275804223e-06 -2.926383005185657
1.3538753145041937 -2.403533283243119
2.34083530474795 -1.3272258017237542
2.7866617835307697 -0.006263180843807274
2.279193205478985 1.2912550523433446
1.2824054234513707 2.287579692688383
0.0005167893583780533 2.820435757247654
-1.298761101524014 2.3038429028877854
-2.2247607685262047 1.259117506205793
-2.7868339686046553 0.00010221803895528141
-2.2243222032839705 -1.2589574309836806
-1.2988740988869147 -2.3036205280032207
-1.802714228882798e-05 -2.8196977348274888
1.2974949859497291 -2.301162597879331
2.2156379420920476 -1.2555599344591157
2.672837438036643 -0.010418879939873674
2.1797752362700074 1.233850537658678
1.217588071399421 2.1764531300389667
0.0011702194013341442 2.713400019725679
-1.244719553967129 2.2032974875348312
-2.1031980917545394 1.1887026881803064
-2.672493763167818 -0.00019796225657136567
-2.0999711737900286 -1.1884695754617078
-1.2447821279984792 -2.2025504545662473
-0.00014602192620085427 -2.710847847262099
1.2428166578271747 -2.1989430601153734
2.085753300513356 -1.1829650520893022
2.5594476669466992 -0.015629512038003415
2.0829027850207886 1.1783658375412807
1.151774126854567 2.0632764605677347
0.00206820990379799 2.606296497325601
-1.192801095616645 2.104181513647329
-1.9806534546931813 1.1180427771675134
-2.5584658159332756 -0.0007636015253688936
-1.9715880121089873 -1.1173543647954345
-1.193223158910893 -2.1028754605066178
-0.0006548859211015466 -2.601388200288084
1.190404604300232 -2.0981578922398403
1.951763465764164 -1.1093829552258212
2.4468224010092947 -0.021893558371032164
1.9888119476048565 1.1251969555235684
1.0854496166618388 1.9486965564311418
0.0034902674320597135 2.4992874155064264
-1.143138023352504 2.0063958604641905
-1.8588210026063703 1.0473846091960237
-2.444660639419369 -0.0017597251088929198
-1.8396924822643674 -1.0473115355157891
-1.1437426389809235 -2.0037799573334496
-0.0015469455988974816 -2.490813020334868
1.1397948626411485 -1.998540131388831
1.814662697925494 -1.0362702940974742
2.336196663125958 -0.02887955802265174
1.897960129556373 1.0745242883214072
1.0189690361861095 1.833174610355268
0.005349668731763196 2.3930230487253787
-1.0960161845092855 1.9104370531205381
-1.7371653256234894 0.9771233345889274
-2.332972939316645 -0.003386338622756872
-1.7039678984661881 -0.9776164000063068
-1.0974239627054545 -1.9067015582468798
-0.003130116950798568 -2.380865127916062
1.0915859599954547 -1.9017553058703967
1.6744085999181866 -0.9630135158504692
2.227539020165825 -0.03685834507051563
1.8104732314848186 1.0267689963355515
0.9528920949169395 1.7172305059951813
0.00775497224717312 2.287711167874014
-1.0514021081219904 1.8161653001082119
-1.6172682383510704 0.9073218209214738
-2.2222872118201136 -0.0057590562829268645
-1.564697093745237 -0.9100372285138709
-1.053300682666399 -1.810306691194543
-0.005345181378775883 -2.2704529226050734
1.0452068741309248 -1.8071071747945686
1.5313969029706476 -0.8903932897639212
2.1219244136219286 -0.045247906251926984
1.726734030389065 0.9816784282886867
0.8877684578915296 1.600568002104663
0.010286817223122054 2.1841931890897928
-1.0096360168070633 1.7242720832115592
-1.497705349715954 0.8386442289819283
-2.114500855354559 -0.010166044916577372
-1.4221064734220772 -0.843465237015264
-1.012838965980733 -1.7160126497673398
-0.008641858394433106 -2.16169169023973
1.0008516310778053 -1.716384284469586
1.385991024964599 -0.8178229130100271
2.0187265969406063 -0.054611741768649844
1.6463487114846682 0.9398100489054679
0.8239748705589451 1.4842398369242276
0.01305538370438705 2.0811297039909538
-0.9701234095925081 1.6339919075055338
-1.3801640428166133 0.7711919628672498
-2.01098482365219 -0.015283977537170156
-1.2768553250127717 -0.7798484466496007
-0.9772301960841483 -1.6255374221855043
-0.013141070309570945 -2.052953679365673
0.9576649373353296 -1.62830215642595
1.2385937632024357 -0.7463067128539337
1.9189056538517366 -0.06409292142084416
1.5695538557878528 0.9009349720223823
0.7617055971193264 1.367310698479447
0.015344340973204364 1.9802050877768296
-0.9334369882032797 1.5466766143436772
-1.262743467637222 0.7055826024599162
-1.911911334417023 -0.022197815796694133
-1.1295181154943066 -0.7176499831645531
-0.9465478204333548 -1.539073536556974
-0.01928099487485145 -1.94625587807693
0.9159422191087259 -1.544565266056152
1.0898370021539963 -0.6753718617466342
1.8213802179863108 -0.07411317711032508
1.49565243611387 0.8655890887466122
0.7012246118382479 1.2511257722302218
0.017714854757383325 1.882841193429331
-0.8982429719397924 1.460488282172814
-1.1471949306419724 0.6414103148660366
-1.8148773544495997 -0.029816419208930495
-0.9807601138061934 -0.6587587153953668
-0.921770022355806 -1.457918691470271
-0.027408620117024517 -1.8433410463953666
0.8750815032738836 -1.4634751540997089
0.9402055144994967 -0.6062003781256697
1.727389017309278 -0.08367428607010649
1.425214350823719 0.8330753540831317
0.6421126512844237 1.1344468117165745
0.01906640154380931 1.7897248245707253
-0.8649416231219165 1.3769268939970294
-1.0317353390337418 0.5798164108672864
-1.7210825578018163 -0.03849072575028943
-0.831161094014347 -0.601274343722775
-0.9023162080895126 -1.3810442066312107
-0.0380764378489399 -1.7446159801859304
0.8330991918404108 -1.3867371637399646
0.7902449408852257 -0.538128860146991
1.6373414348523445 -0.09430942732234382
1.3575141081614115 0.8043702281737065
0.5835814615400977 1.0196078914868312
0.020335015083363016 1.7016356535628259
-0.8351314774417384 1.29645046922737
-0.9180937090987187 0.5205891047957285
-1.6281869179100368 -0.04709507002924679
-0.6811961389624795 -0.5470912863604876
-0.8890953286814091 -1.3083269396608888
-0.04999234474270099 -1.6505769997102366
0.7908078147172959 -1.3130098839239157
0.6402285732806631 -0.47215077784535897
1.5516674281804557 -0.10416446924250174
1.2929299999678727 0.7780120957824064
0.5246006318034839 0.905611954851
0.020246315116179657 1.6174798335726988
-0.8083612583608559 1.2193479713782696
-0.8052978528259586 0.46511964446348175
-1.5352109180000075 -0.053995629070482956
-0.5311883223467406 -0.4940659021548961
-0.8805634383535811 -1.2391154145575887
-0.06454675052867088 -1.5612510688331234
0.746993938223439 -1.2402687574191522
0.490259317362472 -0.4078103410748217
1.4701893382191265 -0.11511910895357866
1.2307809168276918 0.7554390808275787
0.464393638182477 0.7935594736161155
0.019928602614118177 1.5383522122086228
-0.7860135183846646 1.146282526903946
-0.6944293606561679 0.4122914927488183
-1.4406557344013233 -0.05961497323264563
-0.38120341139973146 -0.4425896412054243
-0.8776238254665516 -1.1714270119916022
-0.07982625821841294 -1.4767068887676276
0.7030527826552719 -1.1693774276080877
0.3402782936548995 -0.34565862024180655
1.3927071486140066 -0.1249306491371672
1.171377676408953 0.7348528575252364
0.4022509118795102 0.682217009791757
0.018105728472005474 1.462624779943762
-0.7667443128854177 1.0768911995323096
-0.5844957882848735 0.3621340201045711
-1.3436660188411456 -0.06261053179893311
-0.2312375590659518 -0.3909233881071665
-0.8781535621375204 -1.1046217724278626
-0.09760634591483766 -1.3967628318989176
0.6583737496104294 -1.0982186621872585
0.19030646896857947 -0.2846873657799555
1.3185311056758053 -0.13550682274748635
1.1138668012236936 0.7178794599750455
0.3371211894096926 0.5726362660966553
0.01598410469921769 1.3916571800874404
-0.7519559813541777 1.0118840164201837
-0.475751543736973 0.3136138149168771
-1.2435035945195856 -0.06384542353834338
-0.08123325300564552 -0.34037522407820237
-0.883176527053355 -1.037251308451748
-0.11569045449851449 -1.321505304019318
0.6142387993636419 -1.0290123703773337
0.04034024133280045 -0.2242861282630852
1.2452506360535207 -0.14464700721690807
1.0587497173731437 0.7023698690155246
0.2687799665075522 0.46339908633732696
0.012013340970172507 1.323414155924407
-0.73973270961371 0.9508120323214347
-0.3667120037718762 0.26583056311146114
-1.1397920882590515 -0.06242427642931981
0.06873835041583554 -0.2892335405095541
-0.8899014259219948 -0.9692924043995699
-0.13595131421778306 -1.2493972952281125
0.5686813834754516 -0.959550457954014
-0.10963546981610461 -0.16377756392191284
1.1731464197293686 -0.15437431834093704
1.0053849587548307 0.6899356664172639
0.19613309950930524 0.3550794807753002
0.0077372008023713365 1.2595493232565373
-0.7315940911806414 0.8936592583678701
-0.2570217840907904 0.21769953175073206
-1.0318796056254869 -0.05901965811631832
0.21874900779276 -0.23900173200241767
-0.8998986547168083 -0.8996551544244635
-0.15604527640029014 -1.181200947887294
0.5202663394952175 -0.8903323053103696
-0.2595985738933271 -0.1025661019950415
1.1016490113661233 -0.16357427216748843
0.9526331346460233 0.6779629409336965
0.11835433249320182 0.24973343604130455
0.0015735626869471898 1.1984365272169855
-0.7257435103962387 0.8395730302797856
-0.14553047196710472 0.1682458476091678
-0.919692860379919 -0.05341533491492251
0.36871528746930887 -0.18804544025247083
-0.9143356244822957 -0.8289546936881209
-0.1768888121639443 -1.115580695471156
0.46799160784248184 -0.8195915638486356
-0.40955592571539773 -0.040181669503922705
1.0306333140437143 -0.17423655229332916
0.9009492660389294 0.6671289533394403
0.034788456230046005 0.14572070565239464
-0.00505695484990119 1.1416885989065189
-0.7237328591882936 0.7864966986363314
-0.03159397006781417 0.11679218143859196
-0.8028817962137749 -0.04605390181934308
0.518679973830689 -0.13536838326946918
-0.9335316123485692 -0.7564792748107418
-0.1963086984382317 -1.053025320870455
0.41111989374091484 -0.7463591423600819
-0.5595056835973464 0.023890346138345155
0.959057887910173 -0.18565456247284567
0.8490267043469973 0.6552896179414669
-0.055083855710980414 0.045086686369348816
-0.014000618507678687 1.0871366574405845
-0.7235529606578166 0.7340054274938863
0.08533980176101003 0.06284107311321152
-0.6814675200863913 -0.03729708893657539
0.6686404984440152 -0.08023969966755479
-0.9583802694105358 -0.6826114309448508
-0.21495216499925812 -0.9917888065057591
0.3496907455206737 -0.6695050210419661
-0.709453390196847 0.08987688066657723
0.8866202038727855 -0.19954689097832512
0.797895819941198 0.6426184924284675
-0.15068139828740232 -0.05436240558836147
-0.02659402269351497 1.0365179009029173
-0.72684596776023 0.6802519300970866
0.2055759636547277 0.006077259026747037
-0.555476685210197 -0.027253955836455047
0.8185819511341815 -0.0221905663048301
-0.9878361607470296 -0.6072606716111908
-0.23098201869916296 -0.932221634762888
0.282852714621523 -0.5887105675993686
-0.8593125812085175 0.15798008147252512
0.8122056685709432 -0.21495082317648923
0.7455488255785147 0.6285468944023157
-0.2525662321550696 -0.15178084257610208
-0.04343179368459138 0.9875352780378247
-0.731748450480093 0.6245323720889936
0.3292169524783491 -0.05366223096238491
-0.42515909807893826 -0.01647347459730296
0.9683504107866183 0.039033368785381925
-1.022865841733412 -0.5308793362029864
-0.24492042346462328 -0.8722428933827484
0.2123868586107353 -0.5031320517243469
-1.0088842800005298 0.22823330705190847
0.7353605815485994 -0.23268726370122667
0.693452507516324 0.6126232789517005
-0.35870221006389685 -0.24917071948290342
-0.06550022531882282 0.9420291366244
-0.7397286477904772 0.5655432558516681
0.4561920285800455 -0.11641057974972895
-0.29081479605973415 -0.005083204126942889
1.1176383295705727 0.10351410202244085
-1.0613907327374825 -0.45337802593339294
-0.25521832216652207 -0.8117027834411026
0.1371887658383005 -0.4149457064440856
-1.1578358356583915 0.3005923286219637
0.6552001627504357 -0.25174196071076077
0.6396956956182416 0.594607507789932
-0.46758295526552307 -0.34789616162279824
-0.09259635831572105 0.897835469027713
-0.7489343683239215 0.5022857337980544
0.5862665399567003 -0.18208722652101372
-0.1528597983453919 0.006465268205711904
1.2660365379330072 0.1711970398173086
-1.1040639392568563 -0.3754975165071842
-0.26189700246873565 -0.7490109119346314
0.05861482922580549 -0.3229328501231332
-1.3057468269169783 0.3749106557264594
0.5707362474283662 -0.2724423177830232
0.5855775620744157 0.5740177866687471
-0.5779237993388202 -0.44887941091059025
-0.12556347505956833 0.8554625197923151
-0.7592253232293406 0.43395365177357065
0.7190770877971049 -0.25052317990908024
-0.011774249393010944 0.01785344873294139
1.4130723861141 0.24191892191961778
-1.1483497851502535 -0.29690523355685094
-0.26375906284509687 -0.6835689995837666
-0.0244470289984038 -0.22661910206416214
-1.452133301465269 0.4509628359345061
0.4813479853450935 -0.2937641567142244
0.5294075344955465 0.5505418021417026
-0.6886273277908885 -0.5527018638733907
-0.16369853845725096 0.8127628281962215
-0.7690871997583034 0.3599123288993626
0.8541621073388588 -0.32148223443721125
0.13192114144950745 0.028828976804976075
1.558228933137913 0.31542793016926873
-1.1928565579559465 -0.21802557540990586
-0.26040531531083416 -0.6142717278852172
-0.11015587707546944 -0.12528238761540572
-1.5964649563581461 0.5284569761997591
0.38636217874491263 -0.31579712598795623
0.47190265001601156 0.5241955536186327
-0.7987408819728697 -0.6596651797430668
-0.2065722248286617 0.7702337186790246
-0.777426151787035 0.27966308801057543
0.990992170439509 -0.3946760161456508
0.27770122519810203 0.03922232291983561
1.7009566227184962 0.3913976961263874
-1.2356793628466947 -0.13867983950034918
-0.25102083753810733 -0.5402906512842518
-0.19977235297220686 -0.01896093096224201
-1.7381782003845336 0.6070474200934249
0.28554350315272264 -0.33767491030837704
0.4119506191563733 0.4945284000125738
-0.9074242678794058 -0.7698473946139799
-0.2536913722271217 0.7260402203180559
-0.782971128167275 0.19283219559722894
1.1289878067727461 -0.46977476395958356
0.42506457235435724 0.04893011683216012
1.8406848376821952 0.4694397835386618
-1.2752632547609022 -0.05889966157141979
-0.23582012203074718 -0.46094718483987873
-0.291634903350844 0.09292039483614267
-1.876689966664924 0.686345416933124
0.17846599040609512 -0.35918225412709687
0.34974851933644263 0.46177535610526843
-1.0139287692475822 -0.8831412939109633
-0.30501754071004517 0.6788315493030871
-0.7846463068263457 0.09915036717175935
1.2675311295300289 -0.5464150105137118
0.57355665407776 0.05788815084973993
1.9768340381893472 0.549115368290216
-1.3103441435531524 0.02136465154324882
-0.21506413894841453 -0.37572351718890046
-0.3852505112887303 0.2105396706518194
-2.01141142464424 0.7659296248959498
0.06532526409520413 -0.3797337308410783
0.2845797119133118 0.42573692680622144
-1.1175843046900187 -0.9992863263318598
-0.35974084861311545 0.6275205086292834
-0.781468109443593 -0.0013681345320315647
1.4059749507928534 -0.6242057082829131
0.7227862300015178 0.06605277398519621
2.1088286085568764 0.6299465370751172
-1.3399006707581682 0.10234486166105786
-0.18958843893075167 -0.28422807674331285
-0.4796053169144159 0.33408927980519704
-2.1417627318034507 0.8453563388513505
-0.053750447658912626 -0.3990519472184837
0.21631896146355828 0.38662868062250805
-1.2177909690426354 -1.1178972482852707
-0.41765543497559304 0.5712365001345249
-0.772617322406876 -0.10842588346144803
1.5436510895319049 -0.7027337226515584
0.8724403147736137 0.0733909979867348
2.236110510503479 0.7114274077544651
-1.3631167013078478 0.1842122012298641
-0.1599204910094745 -0.18636624527730009
-0.5739922405738029 0.4632982917805529
-2.2671882990400487 0.9241699538585951
-0.17833446795972735 -0.41680229392516827
0.14456894377268292 0.3443926255197738
-1.3140140330477146 -1.2384896293773362
-0.47751241042915504 0.5092882416741743
-0.757431751618569 -0.2215238892278002
1.679878741944254 -0.7815692607244616
1.0222911188735797 0.07987903434866747
2.3581535492719845 0.7930353020974225
-1.3793445495997227 0.26723620976569873
-0.1271712932206648 -0.08205221867853511
-0.6677923542409969 0.5976389203542944
-2.3871723068005988 1.001913583954303
-0.3079656774411418 -0.4327594313816187
0.06909643454332082 0.29911752357780813
-1.4057818559006496 -1.3605023779581817
-0.5387172937410172 0.44113301146174577
-0.7353994382598067 -0.3400486383876268
1.813973498081682 -0.8602715221744186
1.172196094928457 0.08550194394230046
2.474477804399736 0.8742420008986609
-1.3880759024898155 0.3517063674128121
-0.09199429496520578 0.0284457811677908
-0.7605146723410434 0.7364058870598221
-2.5012538212040285 1.0781397526745857
-0.4420860826428473 -0.4467342395525175
-0.010351694749076781 0.2508139736044688
-1.492685930595703 -1.4833177297204196
-0.6000128365987546 0.36635064426511993
-0.7061614973163918 -0.4633255074950342
1.9452573682159033 -0.9383949224284631
1.3220658680168351 0.09025319476910851
2.5846634728821654 0.9545251391369803
-1.3889173924802236 0.4379222651845516
-0.05543801885352557 0.1449033891234799
-0.8517589608444701 0.8788042074569857
-2.609040546289604 1.1524209644776702
-0.580094847833645 -0.4585825324244223
-0.09398057900112951 0.19952024526317463
-1.57438246668764 -1.606279098096666
-0.6602911065588051 0.28462283366139585
-0.6695251417529099 -0.5906543467646166
2.0730701489592946 -1.0154958907067848
1.471736431002136 0.09413442209662133
2.688363215290824 1.0333795022790926
-1.3815706604385523 0.5261466686849712
-0.018374006023638166 0.2669370606833639
-0.941182411879487 1.0239356722745996
-2.710220302091962 1.22435970616426
-0.7213651626573885 -0.4681931613470772
-0.18195800315545696 0.14526536498457124
-1.6505948547149132 -1.7287073442272602
-0.7185505032411107 0.19571672362453613
-0.6254593774961934 -0.7213290335215712
2.196781862520333 -1.091140363343478
1.6209194950730799 0.09715524621721873
2.785312104529313 1.1103279019618093
-1.3658170923016488 0.6165143957292286
0.018541505988079257 0.39407686379271123
-1.0284701401223126 1.1708101780804532
-2.8045693586704523 1.2935974241820791
-0.8652755150389222 -0.4754822947939924
-0.2743970181823681 0.08808457640763079
-1.7211162675611837 -1.8499159598545434
-0.7739165183336029 0.09947591849607079
-0.5740755568241613 -0.8546514416334138
2.3158060798866456 -1.164911724111373
1.7692139416827026 0.09933310443338007
2.875334374785263 1.1849312217874244
-1.341504983489438 0.7090207038708156
0.054825068859766124 0.5258079249890008
-1.1133160448171355 1.3183961385969623
-2.8919569641525515 1.3598220582118292
-1.0112384510816967 -0.48039054075967574
-0.3713438846397924 0.02802061909626819
-1.7858117528148736 -1.9692254827902533
-0.8256390308583036 -0.0041204117608172885
-0.51560378341979 -0.9899383960042815
2.4296134020914484 -1.2364190168310176
1.9161277042646665 0.10069308793756415
2.95834642467492 1.2567971643497722
-1.3085400351181398 0.8035377677079991
0.09008892854186448 0.6615958338674591
-1.195414956316591 1.465664184052272
-2.9723458075072013 1.4227736981670736
-1.1587251074412108 -0.4828858679262224
-0.4727630544207062 -0.034866852276165906
-1.8446192033819313 -2.0859774055061044
-0.8730863541479746 -0.11481679103274428
-0.45037381673744753 -1.126520979127362
2.5377441971270045 -1.3053049642230294
2.061101096869645 0.10126771853895712
3.034355896280102 1.3255872238959605
-1.2668834233477904 0.8998487694435452
0.12397273179752338 0.8008905606579783
-1.2744639507208075 1.6116168746500588
-3.045788485103555 1.4822481352653603
-1.307284943053618 -0.48296604744740523
-0.5785265509697697 -0.1004930020687892
-1.8975487273310758 -2.1995474974741493
-0.9157409483882243 -0.2321425862076629
-0.3787989613614925 -1.2637427834586685
2.6398195634064394 -1.3712533704315681
2.203529570893905 0.10109669138003304
3.103456974901578 1.3910215928338172
-1.21658232780357 0.9976836332130897
0.15614138886980955 0.9431274124407656
-1.3501696913629837 1.7553058296843922
-3.112437741660947 1.5381090063886205
-1.45649931443281 -0.48065959316279344
-0.6884086843145512 -0.16874008012268737
-1.9446801913564107 -2.3093583603137207
-0.9531953662220795 -0.3554872163840024
-0.3013621152470533 -1.4009583470959666
2.7355495870457975 -1.4339953194841897
2.3427855637282624 0.10022640688473305
3.165836717683545 1.4528913941163857
-1.1578135487919585 1.0967439390203728
0.18630108250690028 1.087748266326068
-1.422258059367897 1.8958402844400846
-3.1725289084558317 1.5902833183121399
-1.6058788366997983 -0.47602534557404524
-0.8020867754456873 -0.2394505259097774
-1.9861587818589703 -2.4148908034223706
-0.9851472289800443 -0.48416071816630935
-0.21860393730361188 -1.53753197390514
2.8247381949089845 -1.4933138130604946
2.4782394645569217 0.09870941292420893
3.22176111960655 1.5110582160898813
-1.0908722786514913 1.1967253665249307
0.21419751567369488 1.2342253228351439
-1.4904835047396872 2.032392869425211
-3.2263580704155785 1.6387526410802382
-1.7548611079999632 -0.4691510850331461
-0.9191484714875011 -0.3124217695634861
-2.0221887696937366 -2.5156936174634996
-1.0113925515166902 -0.617445858571891
-0.1311128435309053 -1.6728372060550856
2.9072841721003178 -1.549046481332985
2.609279755834754 0.09660361762584009
3.2715525488924544 1.5654456653890503
-1.01614992281122 1.2973297579216052
0.23961519578692983 1.3820869038652728
-1.5546374338427313 2.16420705137987
-3.274264121219254 1.6835450997316483
-1.9028256019367138 -0.4601515740900277
-1.0391038425263168 -0.38740363908207365
-2.053025758450367 -2.6113911912498837
-1.0318170183280941 -0.7546366981454861
-0.03951648742398958 -1.8062572599401618
2.983184423887114 -1.601089868943586
2.7353320194998614 0.09397133258147718
3.3155716881114143 1.6160316116640885
-0.9341147019778944 1.3982685078694936
0.26237770420704465 1.5309379437499615
-1.614555490123864 2.2906066369790894
-3.316613938277052 1.7247278882097294
-2.049110589704153 -0.4491662281854605
-1.1613995123957144 -0.46409923428359284
-2.078967877317209 -2.701688602602509
-1.0463861654925821 -0.8950650889006024
0.05552568495042348 -1.9371866002852949
3.052540493782704 -1.649406144565896
2.855876365588659 0.09087815299288811
3.3542028025194415 1.6628406775480116
-0.8452969774174507 1.4992570949101733
0.2823495278842456 1.6804050350846795
-1.6701231847427485 2.4110062234148035
-3.353790308013432 1.7624003728489726
-2.193030541413738 -0.43635639784429164
-1.285432573508359 -0.5421695302026077
-2.100346394214515 -2.7863739274246258
-1.055136003037917 -1.0381185666897046
0.15332922848186736 -2.065033978316042
3.115534974236061 -1.6940116284025453
2.970462520347088 0.08739170490337998
3.3878419314670047 1.7059370944159264
-0.750279067069946 1.600002277512779
0.2994341827269589 1.830023203991606
-1.7212795050157799 2.5249208183444263
-3.386182280883778 1.796687800268234
-2.333893320268664 -0.42190252279946355
-1.4105627870416826 -0.6212404585151031
-2.117516233449227 -2.8653177307327735
-1.0581652744727361 -1.183247869732949
0.2531913348195415 -2.189227120715058
3.172412554926984 -1.7349674318323942
3.0787219133021995 0.08358030865222678
3.4168875827569085 1.7454180087776312
-0.6496846972464111 1.7001971306239614
0.31356990653979977 1.9792164846154914
-1.7680181662914012 2.631973371963269
-3.414177551024856 1.8277356729744936
-2.471017303241597 -0.4060009072710754
-1.536123146221911 -0.7009106169554249
-2.1308546479292265 -2.9384867229166893
-1.055629332222624 -1.3299284211670406
0.35439771309014656 -2.3092190939309685
3.223463724982189 -1.7723710783621454
3.1803761028720676 0.07951163373559864
3.441733521857685 1.781407305415198
-0.5441675967522761 1.7995300383647295
0.3247286310948889 2.1273043669742577
-1.8103864932960465 2.731899084821663
-3.438156576634323 1.855704695131212
-2.603748375203762 -0.38886016795190764
-1.6614295870664815 -0.7807586227032746
-2.1407460487890013 -3.005927732680006
-1.0477349913300107 -1.4775983301948328
0.45623010174936174 -2.4244962704928663
3.2690109727902508 -1.806349016740126
3.2752411867346547 0.07525140251688374
3.4627632973205897 1.8140499983892033
-0.43440271288078813 1.8976965680739641
0.33291707937190607 2.2735224972937162
-1.8484820570860916 2.82454575429912
-3.4584881006306665 1.8807663421482625
-2.731476622623816 -0.3706973568355663
-1.7857904177252832 -0.8603502798196502
-2.1475711736153253 -3.067753783453331
-1.0347359030006618 -1.6256523193704737
0.5579746579693384 -2.5345876167755814
3.3093973073479424 -1.8370500291964718
3.3632398675391424 0.07086212142888873
3.4803461519909678 1.843507186105555
-0.32108065648368195 1.9944108373237184
0.3381784244688682 2.417049469579179
-1.8824559638541434 2.9098863263585883
-3.4755258508766596 1.9030990174747084
-2.853652162475324 -0.35173378362069607
-1.908516099344874 -0.9392458118535324
-2.151699184968864 -3.124131440145834
-1.0169282798431916 -1.773449171684672
0.6589314162409718 -2.6390747344862815
3.3449768749487996 -1.8646394543421843
3.444402833908156 0.0664017716329964
3.4948341202383517 1.869951576402761
-0.20490509937744716 2.0894129146125384
0.34059377213563813 2.5570363583223203
-1.9125044147816805 2.9880093459547394
-3.4896061781535592 1.922884732739149
-2.969799238672516 -0.33219068410698094
-2.0289296641475483 -1.0170073799381014
-2.153482101668787 -3.1752694320405395
-0.9946467557246707 -1.9203211493857895
0.7584246473900901 -2.737601929909131
3.3761073502461865 -1.889294182498601
3.518848575846539 0.06192301625883019
3.506560000966811 1.8935635628309628
-0.0865921920310197 2.182470601020536
0.34028284465078135 2.6926377584645422
-1.9388544261072098 3.0590952071186335
-3.5010464593880073 1.9403062933254012
-3.0795277586242866 -0.31228486373373326
-2.1463779313298166 -1.093206923892955
-2.153251035137897 -3.22140855086437
-0.9682602221717365 -2.0655839938610563
0.8558139395123143 -2.829885389724118
3.403143867560142 -1.9111983971609654
3.586766192502447 0.057472765526154115
3.5158360844319048 1.9145278156676835
0.03312927509397591 2.2733748659108546
0.3374036333619742 2.8230442032562855
-1.9617527334702334 3.123395877675578
-3.5101441254931722 1.9555449327118803
-3.182541520153145 -0.29222453731719816
-2.260243402815775 -1.167434297402635
-2.151313800976713 -3.2628128522782647
-0.9381674342779566 -2.2085474147611075
0.950505423501735 -2.9157205508074084
3.4264343039664693 -1.9305399345662762
3.6483999829802767 0.05309201520791225
3.5229534550280763 1.9330303743664976
0.15351848314747038 2.3619298624638323
0.3321507422804358 2.9475153878165115
-1.9814569244354636 3.1812171375304366
-3.5171761652651594 1.9687783785908048
-3.2786425909014234 -0.27220555950147113
-2.3699565174913513 -1.2393054619154567
-2.1479535937792615 -3.29976204902143
-0.9047922439867353 -2.3485261595705267
1.0419624381076031 -2.9949868412547413
3.4463156148717475 -1.9475072443102206
3.704035865461081 0.04881588441541872
3.528181760775022 1.949256190064856
0.2738260509520823 2.4479404496850616
0.32475115012523953 3.065411925297332
-1.9982284105532482 3.232903326626736
-3.522399015185064 1.9801792449322548
-3.367731644064941 -0.25240820714017426
-2.475007602049117 -1.308470407236545
-2.143428520445674 -3.3325450454640566
-0.8685783333340751 -2.4848518022878987
1.1297149710976029 -3.067649220475486
3.4631110984985716 -1.9622868686880484
3.753989620075608 0.04467381002731982
3.5317693383140156 1.9633870822450306
0.393301853489824 2.5312023051489065
0.3154566649210508 3.176221178760658
-2.0123269597627886 3.278824440636028
-3.5260487711769 1.9899137814992944
-3.4498282032224905 -0.23299164860495158
-2.5749576617251844 -1.3746203926721448
-2.1379717247250003 -3.3614545009373376
-0.8299834345541854 -2.6168852167210876
1.213367072201033 -3.133756299388982
3.4771284192326113 -1.9750614058099112
3.798596880871451 0.04068984598898376
3.5339436177070294 1.9756000715106719
0.511206614924447 2.611498730768109
0.30453396860046855 3.2795730325051493
-2.024006538011504 3.31936541365391
-3.528341636218034 1.9981409156390029
-3.5250479003071695 -0.21409331524384817
-2.669447246025949 -1.4374940019830256
-2.1317919758641506 -3.3867823370600316
-0.7894729373419407 -2.7440295284782463
1.292601730317037 -3.1934351735741613
3.4886582641201165 -1.986007820964864
3.8382047457068564 0.03688303348279584
3.534911748864266 1.9860660388836526
0.6268252027246206 2.6886053416084392
0.2922546123957871 3.3752437461330937
-2.033512137703817 3.3549173706385833
-3.5294745600390414 2.0050115254573173
-3.593583139739561 -0.19582900007637308
-2.7582026084623195 -1.4968816457311482
-2.1250745956833637 -3.4088160506331406
-0.7475130072807177 -2.865743089550135
1.3672012302304477 -3.246902083773686
3.4979734800173827 -1.9952961912956322
3.87316482728672 0.03326780375936848
3.534861385404838 1.9949486835607375
0.7394798055920327 2.7623003693105463
0.27888733769969754 3.463168490505127
-2.0410774938643717 3.3858705699991916
-3.5296260121559153 2.010667935442379
-3.65568592345771 -0.17829353477658452
-2.84103865648153 -1.5526281845262355
-2.1179826465695824 -3.4278357855341373
-0.704563374182574 -2.981551792019133
1.4370367214256545 -3.2944403407941047
3.5053286337293237 -2.0030887152788592
3.9038276160221073 0.029854423049936754
3.5339616003855627 2.0024037344296537
0.8485424933201398 2.832376597050205
0.26469035354710657 3.5434227641826075
-2.0469234934810947 3.4126088187789603
-3.5289568430415197 2.0152436267240375
-3.7116528361207552 -0.16156191341510298
-2.917866697302067 -1.6046387501823356
-2.110658254229217 -3.444112011010517
-0.661069993081018 -3.091059898777421
1.502056354700362 -3.336380175727304
3.5109599048138667 -2.0095390237066386
3.9305379589705707 0.026649457697192548
3.532363879231832 2.00857838990681
0.9534471946090131 2.8986522528325342
0.24990575843871374 3.616193031729379
-2.0512571317206674 3.4355051484032666
-3.527611261312026 2.0188630405394212
-3.761812163968773 -0.14569069845429142
-2.988699797832579 -1.6528832998377871
-2.103224073510192 -3.457903743484744
-0.6174579084603075 -3.1939585755255306
1.5622741691684676 -3.3730824181094587
3.5150852359215867 -2.014791697829464
3.953631476588703 0.023656201249758625
3.530203171320819 2.0136109677829492
1.0537005789465521 2.9609799422031498
0.23475600465791763 3.681751261593818
-2.0542709106271397 3.4549185203008093
-3.525717822713372 2.0216416107399544
-3.8065129885389055 -0.13071961536305354
-3.0536329064689594 -1.6973852613385068
-2.0957847334644026 -3.4694572320933514
-0.5741246231922925 -3.290031383908997
1.6177596980414368 -3.404925222974291
3.517904690794318 -2.0189819859726548
3.973431813721042 0.020875096877583963
3.527598970058811 2.0176306661560024
1.1488910157450667 3.019253305297472
0.21944186202986563 3.74043280830819
-2.056142611867983 3.4711914237891404
-3.5233904458006764 2.023685832494163
-3.8461161133907167 -0.11667320779884696
-3.1128264756726147 -1.7382121951723708
-2.0884283836934343 -3.4790050610517578
-0.5314343237799749 -3.3791563188526266
1.6686282694876373 -3.4322936292447332
3.5196009874087086 -2.0222356949005946
3.990248600925095 0.01830413888629196
3.524656406674031 2.0207575496506887
1.2386948643451672 3.0734111626526883
0.2041414759988355 3.7926175871639884
-2.0570353246284054 3.4846481772054747
-3.520729456410906 2.0250934495146673
-3.8809866521893683 -0.10356257591241504
-3.1664920209522003 -1.7754673728574712
-2.0812282131365176 -3.4867655594162055
-0.4897131449418597 -3.461304500657873
1.71503220816588 -3.4555712992156478
3.52034014227643 -2.024669215899743
4.004375908343707 0.015939261607313564
3.5214673427044594 2.0231025833668936
1.3228869076500753 3.1234439304637203
0.1890102734192048 3.838714400437316
-2.05709773830672 3.4955937986586143
-3.5178226158019497 2.0259537141443498
-3.911488046779727 -0.09138706144042318
-3.214879506757711 -1.8092823274919818
-2.074243889015793 -3.4929424850485775
-0.4492380677695009 -3.5365576887425725
1.757152887190231 -3.4751341941585165
3.5202722607550543 -2.0263896179256107
4.01609125050727 0.013774688361297256
3.51811144196082 2.0247677979297234
1.4013526155185798 3.1694006863685065
0.17418145729804074 3.8791481068130436
-2.056464568049835 3.5043133858425564
-3.5147461344074387 2.0263477076832226
-3.937977303747475 -0.08013588313174518
-3.258266512105442 -1.8398102924799657
-2.067522982160965 -3.4977249954262644
-0.4102389432987595 -3.6050845179369904
1.795193670107237 -3.4913458395584493
3.519532319143739 -2.027494930203377
4.0256550238861335 0.011803262643522381
3.5146572154594957 2.025846530768109
1.4740702159020256 3.2113770386595424
0.15976699656518376 3.9143493169386088
-2.055257122474787 3.5110718738129933
-3.511565655269452 2.0263487167968095
-3.9608012940477635 -0.06978969111293334
-3.2969490810780675 -1.8672204567225186
-2.0611022930297787 -3.5012877563690945
-0.37290078144792527 -3.6671215465346267
1.8293737049674363 -3.5045538394143367
3.518241056351962 -2.028074409459674
4.0333101737860515 0.010016733525929524
3.511163025845944 2.02642372528892
1.541095681269666 3.2495054910820116
0.1458588922697275 3.9447462629247725
-2.0535839517257264 3.5161141165655887
-3.508337202353622 2.026022605157076
-3.9802939211965733 -0.06032202174682327
-3.3312340468584596 -1.8916930241130465
-2.0550091323478603 -3.5037912214042577
-0.3373667173515217 -3.7229566430828918
1.8599225641425403 -3.51508745823611
3.5165058765583215 -2.0282089048798797
4.039282195007405 0.008406023750587598
3.5076780574786195 2.026576305721764
1.6025489363031025 3.2839469896795404
0.13253065097891895 3.9707584917655345
-2.051541567804179 3.5196652051980535
-3.50510810522746 2.025428278464176
-3.9967740294213754 -0.051700640756074355
-3.3614327060680935 -1.9134149743067626
-2.0492625123085046 -3.505382042789243
-0.3037414043230953 -3.772914685182578
1.8870756320605095 -3.52325601575896
3.514421756028304 -2.0279712602146236
4.043779333658411 0.006961457706159672
3.5042432343092287 2.026373572926392
1.658601324887555 3.3148836149902476
0.11983887865954015 3.9927920820624867
-2.049215207678503 3.5219309880782594
-3.5019178431139766 2.0246181133299994
-4.010543922960135 -0.04388877364416272
-3.3878556710490377 -1.9325764756914274
-2.043874253377948 -3.506193578998104
-0.27209465931623206 -3.817345429679883
1.9110702068858683 -3.5293479393033285
3.51207214743515 -2.027426746572625
4.046992946679942 0.005672971766501307
3.5008920846807206 2.025877636462245
1.7094644017851144 3.3425123168499216
0.10782492103660953 4.011236127153336
-2.046679624977832 3.5230987492069348
-3.4987988748310768 2.02363838520653
-4.0218883923237 -0.0368462064321242
-3.410808735382426 -1.9493678958515732
-2.0388499727102225 -3.5063464879096187
-0.24246520341400218 -3.8566134316834804
1.9321422755958788 -3.5336303594694973
3.5095298766585 -2.0266335226309575
4.049098027622739 0.0045302915356008906
3.497651556460856 2.0251438313509995
1.7553800551026415 3.367039572641771
0.09651652885912745 4.026460228112761
-2.043999859930617 3.5233380198398283
-3.495777407172247 2.022529724836914
-4.031074130706217 -0.030530257812406703
-3.4305896058362095 -1.9639773291694016
-2.034190026436882 -3.505949362835439
-0.21486440720851263 -3.8910897276068304
1.9505238054658371 -3.5363490868561627
3.5068580190821512 -2.0256431047105767
4.050253840438746 0.0035230845309979393
3.4945427815125116 2.0242211716728744
1.7966119429146377 3.3886768917273504
0.08592947163553669 4.0388127849955815
-2.041232053170969 3.5228014443261912
-3.492874105999421 2.02132758007073
-4.0383495203362045 -0.024896649820906797
-3.4474853942404797 -1.9765885693560192
-2.0298903679928206 -3.505099419468936
-0.1892799362316227 -3.9211451273534514
1.9664406377437296 -3.5377289760074846
3.5041107507409612 -2.024500839786518
4.050604614637238 0.002641094264485737
3.491581782726043 2.0231528051819803
1.8334381382034355 3.407637077234376
0.0760690850935813 4.048619992175885
-2.0384241825721543 3.521625733426571
-3.490104777275758 2.0200626274307196
-4.043944675091557 -0.01990027463567615
-3.461770723597274 -1.9873795106816412
-2.0259432999849705 -3.503883193984212
-0.16567924072453744 -3.9471448619610436
1.9801107243792924 -3.5379744675164315
3.501334164732977 -2.0232463738324586
4.05028031528606 0.0018742459275348537
3.4887801128231524 2.021976465268877
1.8661448930163451 3.424131167787444
0.06693174749145178 4.05618534784766
-2.0356168381763333 3.5199326313164274
-3.4874809647637006 2.0187611559347833
-4.048071706161933 -0.015495846573643658
-3.4737063573577283 -1.9965209029804294
-2.0223381670516365 -3.50237726979349
-0.14401282063311108 -3.969444420814399
1.9917428501935797 -3.5372703675101573
3.498567052806965 -2.0219141131613667
4.049397461966455 0.0012127361819868013
3.4861454778541745 2.0207249011061426
1.895021449328943 3.4383659384775496
0.05850625521633613 4.061789579019114
-2.0328439294664142 3.5178299205384214
-3.4850105102062443 2.0174455038771018
-4.050925159290593 -0.011638451381180552
-3.483538274464781 -2.0041754096831004
-2.019061968767322 -3.500648986282834
-0.12421729620618573 -3.9883863614803143
2.001535628878829 -3.535782734428161
3.4958416447919602 -2.020533673718471
4.048059951398599 0.0006471085808356436
3.483682280085876 2.019426305285539
1.9203557535214384 3.4505419276774516
0.05077509747906189 4.065690911573385
-2.0301333661692795 3.515412416375572
-3.4826980895562567 2.016134444957946
-4.052682613046773 -0.008284018241183196
-3.491497091105844 -2.010496927318448
-2.0160998798871512 -3.4987571718522616
-0.10621816558760831 -4.004297934088608
2.0096768000762917 -3.5336598923750815
3.49318430503771 -2.019130314384698
4.0463599087159 0.00016830909607113662
3.4813921090450783 2.0181047388002074
1.9424309711339611 3.4608519054475555
0.04371560132288456 4.068125578432351
-2.027507726878464 3.5127629663704694
-3.4805456737938125 2.0148435530802717
-4.053505358354735 -0.005389691951291537
-3.4977978094714977 -2.0156301346628887
-2.013435743203762 -3.4967528261519973
-0.08993237464374587 -4.017489385826454
2.016342793957184 -3.531033488683144
3.4906161845500328 -2.0177253517365172
4.04437853099454 -0.00023227389719122026
3.479274177124567 2.0167805190927575
1.9615227099263148 3.4694797041368184
0.037300992548782226 4.06930856012173
-2.024984832165084 3.509953433847335
-3.4785529588453534 2.0135855430792073
4.0 0.0
3.464101615137755 1.9999999999999998
2.0000000000000004 3.4641016151377544
2.4492935982947064e-16 4.0
-1.9999999999999991 3.464101615137755
-3.464101615137754 2.0000000000000013
-4.0 4.898587196589413e-16
-3.4641016151377553 -1.999999999999999
-2.0000000000000018 -3.4641016151377535
-7.347880794884119e-16 -4.0
1.9999999999999973 -3.464101615137756
3.4641016151377535 -2.0000000000000018
3.998074134166682 3.344951322661409e-08
3.462180563231249 1.9987309352194649
1.9987051192853846 3.462190416369705
1.4153350932791748e-08 3.9980833201308617
-1.9987051198633317 3.462190416359014
-3.4621805635964487 1.9987309083042846
-3.998074134153945 -2.9339071909162925e-08
-3.4621805641871815 -1.9987308697617587
-1.9987051224316494 -3.462190416338711
-3.210509549581668e-08 -3.998083320114608
1.998705117911664 -3.46219041641029
3.462180563382957 -1.9987309192943166
3.9927917801805335 9.604528989519813e-08
3.45691191300321 1.9952771923791996
1.9951819210036321 3.456948828069689
4.2896672301657845e-08 3.9928261297102168
-1.9951819081109285 3.456948828048473
-3.456911914022934 1.9952771210807072
-3.9927917801677903 -7.363108788730839e-08
-3.456911915619991 -1.9952770194306948
-1.9951819094366283 -3.4569488279887737
-7.598384665391135e-08 -3.992826129648679
1.9951819157085624 -3.4569488282509986
3.456911913425677 -1.995277153692741
3.983002018983833 1.8382173656476865e-07
3.4471486198974106 1.9889310360939512
1.9887085508789286 3.44723741574877
8.648604564818352e-08 3.9830845930054237
-1.9887085135985103 3.447237415699819
-3.4471486217326803 1.9889309147205796
-3.9830020189674817 -1.2370547154319563e-07
-3.4471486247154184 -1.9889307228243631
-1.9887085010760708 -3.4472374155378107
-1.2060997515892165e-07 -3.9830845928632868
1.988708542229731 -3.4472374160873747
3.4471486206634863 -1.9889309689035495
3.967781987534661 2.952458170526707e-07
3.4319717017653817 1.979154664528091
1.9787357752795969 3.4321457381543596
1.5147966853160764e-07 3.967943873103457
-1.978735683434415 3.432145738226239
-3.431971704649292 1.9791544848653526
-3.9677819874820353 -1.6002521895518082e-07
-3.4319717092608064 -1.979154183116439
-1.978735653809855 -3.432145737843998
-1.450957887407733e-07 -3.967943872807406
1.9787357408040067 -3.432145739007417
3.431971703120754 -1.979154547856492
3.946396189429327 4.290873260717941e-07
3.4106497917134244 1.9655493953410086
1.9648554225757102 3.41095235567876
2.3514257950908084e-07 3.946677869841232
-1.964855246162123 3.4109523562331296
-3.410649795964963 1.9655491455147491
-3.9463961893009873 -1.7856190118606346e-07
-3.41064980228172 -1.9655487217682261
-1.9648551975442967 -3.4109523555090697
-1.4240061964225736e-07 -3.9466778692828655
1.9648553336408543 -3.4109523576529863
3.410649793819241 -1.9655491986984146
3.9182634977544994 5.802259738150662e-07
3.382606461141673 1.9478302710760287
1.9467744797484345 3.383092450711351
3.4313801763913506e-07 3.918716484321266
-1.9467741907729985 3.3830924520960304
-3.3826064674057204 1.9478299399498737
-3.9182634975141126 -1.8546800949907026e-07
-3.382606475401597 -1.9478293847246035
-1.9467741170429702 -3.383092451073806
-1.1953913273701867e-07 -3.9187164834347357
1.946774298742168 -3.383092454679111
3.382606464225332 -1.9478299716402288
3.8829299675709574 7.520323853330023e-07
3.347393502600068 1.9258049838041496
1.9242936358429183 3.3481312819634046
4.8999430612031e-07 3.883618558739309
-1.924293207489812 3.348131284863484
-3.3473935115016755 1.92580455496734
-3.8829299672025797 -1.883945535884224e-07
-3.347393521638053 -1.925803849823262
-1.924293101513583 -3.348131283618869
-8.255351636987912e-08 -3.8836185574903626
1.9242933308929961 -3.348131288782167
3.34739350730919 -1.925804545587061
3.840046279924344 9.577532583713257e-07
3.3046691365447916 1.8993562689531065
1.8972895386339168 3.305742458690197
6.851568928913514e-07 3.8410493385918465
-1.8972889293706148 3.305742464255843
-3.304669149231073 1.8993557114459396
-3.8400462794673107 -1.9028438099671178e-07
-3.304669161420715 -1.8993548481053137
-1.897288792121149 -3.3057424627047753
-3.542294144051415e-08 -3.841049337015984
1.8972890657467403 -3.305742469713842
3.304669143870007 -1.8993556477320728
3.789349028743485 1.183996003162294e-06
3.254180845250763 1.8684260998566917
1.865700139184518 3.25569063411591
9.136420737161447e-07 3.7907617283874684
-1.865699324292869 3.2556906425594736
-3.2541808622366135 1.8684253936103483
-3.789349028235311 -1.9198513701343574e-07
-3.2541808765154046 -1.8684243660830944
-1.8656991530987757 -3.2556906411095916
1.8082051986745992e-08 -3.7907617265183764
1.8656994685180335 -3.2556906500323124
3.254180854657532 -1.8684252780133181
3.730645732253843 1.4204760610292373e-06
3.195759440585213 1.8329845656705623
1.8295065402407884 3.197823444849303
1.178428824970686e-06 3.732582132776785
-1.8295055096224606 3.1978234532074024
-3.195759459610181 1.8329836958585823
-3.730645731744788 -1.8360241592766728e-07
-3.1957594751957172 -1.832982514382119
-1.829505296560021 -3.197823451790012
7.893386751666005e-08 -3.7325821308070246
1.829505664450791 -3.197823462481574
3.195759450290358 -1.8329835277622828
3.663815668452336 1.6568791454685357e-06
3.1293632937214233 1.7930408575607832
1.7887501261176109 3.132109666726718
1.4562060037995667e-06 3.6664382091383287
-1.788748857421782 3.132109656519113
-3.129363319233287 1.7930398295401282
-3.6638156661325705 -1.70968626426144e-07
-3.1293633381288686 -1.7930385111444656
-1.7887486118791562 -3.1321096795749463
1.496267280610656e-07 -3.66643820596221
1.7887490593567212 -3.1321097040049666
3.1293633004437993 -1.7930395942601738
3.5890952578829896 1.883608175877112e-06
3.0548689056832794 1.748322564555829
1.743072041851159 3.058443753407334
1.7334607113286965e-06 3.592651696369914
-1.743070535177829 3.0584437114979863
-3.054868941715734 1.748321395936034
-3.5890952448706823 -1.5483865337180978e-07
-3.054868965200971 -1.7483199747471276
-1.7430702645548668 -3.0584437765137373
2.3245012139805091e-07 -3.592651699740843
1.7430708110150968 -3.0584438234165097
3.054868907283126 -1.7483210812247567
3.506943952033878 2.0926933243616808e-06
2.9730357469804725 1.6995156752338667
1.6932348497900718 2.9776243843084345
1.9980904186457827e-06 3.511686276340775
-1.6932330972467817 2.9776243131410447
-2.9730357858433023 1.6995143724752244
-3.506943900829349 -1.478976538931291e-07
-2.97303581818778 -1.699512885172814
-1.6932328051795378 -2.9776244336816404
3.1268234394181397e-07 -3.511686285397785
1.6932334660062578 -2.9776244861837298
2.9730357368277676 -1.699513970303092
3.418144141144489 2.2822129958952945e-06
2.8836027978595067 1.6461838540008265
1.6402343749222588 2.891109972370882
2.2609074110044542e-06 3.4244059502827215
-1.640232280472842 2.891109748545706
-2.8836028343217164 1.64618243336876
-3.4181440356823085 -1.5848926843312117e-07
-2.883602878362851 -1.6461809188220116
-1.640232046000041 -2.891110013329552
4.0509543001013447e-07 -3.424405965940049
1.6402327778684234 -2.8911100026970975
2.883602770608843 -1.6461819235319832
3.3233455058210635 2.4429630344863893e-06
2.787575046382434 1.5891403832691149
1.5846273062670746 2.7993633390370727
2.508559928341274e-06 3.3319281057658428
-1.5846247807154032 2.799362907542258
-2.7875750979261147 1.5891388252090353
-3.3233453283018357 -1.6537728307383439e-07
-2.787575116652683 -1.589137336068375
-1.5846246638186146 -2.79936336828786
5.061862620601271e-07 -3.3319281286884497
1.5846254327597142 -2.799363218015225
2.7875750284236647 -1.5891382139432135
3.223503718386705 2.6044104416157625e-06
2.687659207664338 1.530069971773127
1.5274878117855495 2.704065376773399
2.7596092800268984e-06 3.235012274789145
-1.527484789729322 2.704064665201449
-2.684551284179883 1.5281382278192681
-3.223503449402462 -2.1183782641893916e-07
-2.6845512501616935 -1.5281368092166938
-1.527484857191485 -2.704065377119394
6.251601988437598e-07 -3.2350123124596304
1.5274856102772962 -2.7040650264446118
2.6845512163729115 -1.5281375030193405
3.1189412362821396 -0.0003279382982454509
2.585627750154473 1.4700019016807349
1.4686963365639985 2.605007982340526
2.922498140006489e-06 3.1347269518724734
-1.469501424851231 2.605668759636209
-2.576068512305766 1.4642636378598013
-3.118967646796639 -3.009256741544697e-07
-2.5760909459830064 -1.4642571609795043
-1.4695019592380112 -2.6056698141325163
7.32892968428693e-07 -3.134727115408739
1.4695014825559072 -2.6056688153605654
2.575758366210815 -1.4639925860468457
3.0109854849193436 -0.0013483210645017106
2.4828964262627085 1.4098115626265253
1.4081521740314873 2.502326440850173
2.262609154752879e-05 3.0317004633650755
-1.411720260563488 2.5058693453861474
-2.462302747826684 1.3974931015277507
-3.010933461875085 3.024921351377944e-05
-2.462513806656802 -1.397536011619136
-1.4117084405720546 -2.505845492548081
1.3437346653894943e-06 -3.0316187244005453
1.4115266148303673 -2.5054419010364377
2.461109623184726 -1.3966924239523786
2.899749318874858 -0.003262715163240819
2.3803977988091405 1.3500535843045194
1.3460696308286153 2.396446311920493
0.00024465164193866555 2.9266825589111565
-1.3545719383074517 2.4047346697561864
-2.3450318195454862 1.3290440898784515
-2.899708177051232 0.0001139876538963475
-2.3453313669182863 -1.3291070307990172
-1.3544836137275253 -2.4046055550115764
-9.02035275804223e-06 -2.926383005185657
1.3538753145041937 -2.403533283243119
2.34083530474795 -1.3272258017237542
2.7866617835307697 -0.006263180843807274
2.279193205478985 1.2912550523433446
1.2824054234513707 2.287579692688383
0.0005167893583780533 2.820435757247654
-1.298761101524014 2.3038429028877854
-2.2247607685262047 1.259117506205793
-2.7868339686046553 0.00010221803895528141
-2.2243222032839705 -1.2589574309836806
-1.2988740988869147 -2.3036205280032207
-1.802714228882798e-05 -2.8196977348274888
1.2974949859497291 -2.301162597879331
2.2156379420920476 -1.2555599344591157
2.672837438036643 -0.010418879939873674
2.1797752362700074 1.233850537658678
1.217588071399421 2.1764531300389667
0.0011702194013341442 2.713400019725679
-1.244719553967129 2.2032974875348312
-2.1031980917545394 1.1887026881803064
-2.672493763167818 -0.00019796225657136567
-2.0999711737900286 -1.1884695754617078
-1.2447821279984792 -2.2025504545662473
-0.00014602192620085427 -2.710847847262099
1.2428166578271747 -2.1989430601153734
2.085753300513356 -1.1829650520893022
2.5594476669466992 -0.015629512038003415
2.0829027850207886 1.1783658375412807
1.151774126854567 2.0632764605677347
0.00206820990379799 2.606296497325601
-1.192801095616645 2.104181513647329
-1.9806534546931813 1.1180427771675134
-2.5584658159332756 -0.0007636015253688936
-1.9715880121089873 -1.1173543647954345
-1.193223158910893 -2.1028754605066178
-0.0006548859211015466 -2.601388200288084
1.190404604300232 -2.0981578922398403
1.951763465764164 -1.1093829552258212
2.4468224010092947 -0.021893558371032164
1.9888119476048565 1.1251969555235684
1.0854496166618388 1.9486965564311418
0.0034902674320597135 2.4992874155064264
-1.143138023352504 2.0063958604641905
-1.8588210026063703 1.0473846091960237
-2.444660639419369 -0.0017597251088929198
-1.8396924822643674 -1.0473115355157891
-1.1437426389809235 -2.0037799573334496
-0.0015469455988974816 -2.490813020334868
1.1397948626411485 -1.998540131388831
1.814662697925494 -1.0362702940974742
2.336196663125958 -0.02887955802265174
1.897960129556373 1.0745242883214072
1.0189690361861095 1.833174610355268
0.005349668731763196 2.3930230487253787
-1.0960161845092855 1.9104370531205381
-1.7371653256234894 0.9771233345889274
-2.332972939316645 -0.003386338622756872
-1.7039678984661881 -0.9776164000063068
-1.0974239627054545 -1.9067015582468798
-0.003130116950798568 -2.380865127916062
1.0915859599954547 -1.9017553058703967
1.6744085999181866 -0.9630135158504692
2.227539020165825 -0.03685834507051563
1.8104732314848186 1.0267689963355515
0.9528920949169395 1.7172305059951813
0.00775497224717312 2.287711167874014
-1.0514021081219904 1.8161653001082119
-1.6172682383510704 0.9073218209214738
-2.2222872118201136 -0.0057590562829268645
-1.564697093745237 -0.9100372285138709
-1.053300682666399 -1.810306691194543
-0.005345181378775883 -2.2704529226050734
1.0452068741309248 -1.8071071747945686
1.5313969029706476 -0.8903932897639212
2.1219244136219286 -0.045247906251926984
1.726734030389065 0.9816784282886867
0.8877684578915296 1.600568002104663
0.010286817223122054 2.1841931890897928
-1.0096360168070633 1.7242720832115592
-1.497705349715954 0.8386442289819283
-2.114500855354559 -0.010166044916577372
-1.4221064734220772 -0.843465237015264
-1.012838965980733 -1.7160126497673398
-0.008641858394433106 -2.16169169023973
1.0008516310778053 -1.716384284469586
1.385991024964599 -0.8178229130100271
2.0187265969406063 -0.054611741768649844
1.6463487114846682 0.9398100489054679
0.8239748705589451 1.4842398369242276
0.01305538370438705 2.0811297039909538
-0.9701234095925081 1.6339919075055338
-1.3801640428166133 0.7711919628672498
-2.01098482365219 -0.015283977537170156
-1.2768553250127717 -0.7798484466496007
-0.9772301960841483 -1.6255374221855043
-0.013141070309570945 -2.052953679365673
0.9576649373353296 -1.62830215642595
1.2385937632024357 -0.7463067128539337
1.9189056538517366 -0.06409292142084416
1.5695538557878528 0.9009349720223823
0.7617055971193264 1.367310698479447
0.015344340973204364 1.9802050877768296
-0.9334369882032797 1.5466766143436772
-1.262743467637222 0.7055826024599162
-1.911911334417023 -0.022197815796694133
-1.1295181154943066 -0.7176499831645531
-0.9465478204333548 -1.539073536556974
-0.01928099487485145 -1.94625587807693
0.9159422191087259 -1.544565266056152
1.0898370021539963 -0.6753718617466342
1.8213802179863108 -0.07411317711032508
1.49565243611387 0.8655890887466122
0.7012246118382479 1.2511257722302218
0.017714854757383325 1.882841193429331
-0.8982429719397924 1.460488282172814
-1.1471949306419724 0.6414103148660366
-1.8148773544495997 -0.029816419208930495
-0.9807601138061934 -0.6587587153953668
-0.921770022355806 -1.457918691470271
-0.027408620117024517 -1.8433410463953666
0.8750815032738836 -1.4634751540997089
0.9402055144994967 -0.6062003781256697
1.727389017309278 -0.08367428607010649
1.425214350823719 0.8330753540831317
0.6421126512844237 1.1344468117165745
0.01906640154380931 1.7897248245707253
-0.8649416231219165 1.3769268939970294
-1.0317353390337418 0.5798164108672864
-1.7210825578018163 -0.03849072575028943
-0.831161094014347 -0.601274343722775
-0.9023162080895126 -1.3810442066312107
-0.0380764378489399 -1.7446159801859304
0.8330991918404108 -1.3867371637399646
0.7902449408852257 -0.538128860146991
1.6373414348523445 -0.09430942732234382
1.3575141081614115 0.8043702281737065
0.5835814615400977 1.0196078914868312
0.020335015083363016 1.7016356535628259
-0.8351314774417384 1.29645046922737
-0.9180937090987187 0.5205891047957285
-1.6281869179100368 -0.04709507002924679
-0.6811961389624795 -0.5470912863604876
-0.8890953286814091 -1.3083269396608888
-0.04999234474270099 -1.6505769997102366
0.7908078147172959 -1.3130098839239157
0.6402285732806631 -0.47215077784535897
1.5516674281804557 -0.10416446924250174
1.2929299999678727 0.7780120957824064
0.5246006318034839 0.905611954851
0.020246315116179657 1.6174798335726988
-0.8083612583608559 1.2193479713782696
-0.8052978528259586 0.46511964446348175
-1.5352109180000075 -0.053995629070482956
-0.5311883223467406 -0.4940659021548961
-0.8805634383535811 -1.2391154145575887
-0.06454675052867088 -1.5612510688331234
0.746993938223439 -1.2402687574191522
0.490259317362472 -0.4078103410748217
1.4701893382191265 -0.11511910895357866
1.2307809168276918 0.7554390808275787
0.464393638182477 0.7935594736161155
0.019928602614118177 1.5383522122086228
-0.7860135183846646 1.146282526903946
-0.6944293606561679 0.4122914927488183
-1.4406557344013233 -0.05961497323264563
-0.38120341139973146 -0.4425896412054243
-0.8776238254665516 -1.1714270119916022
-0.07982625821841294 -1.4767068887676276
0.7030527826552719 -1.1693774276080877
0.3402782936548995 -0.34565862024180655
1.3927071486140066 -0.1249306491371672
1.171377676408953 0.7348528575252364
0.4022509118795102 0.682217009791757
0.018105728472005474 1.462624779943762
-0.7667443128854177 1.0768911995323096
-0.5844957882848735 0.3621340201045711
-1.3436660188411456 -0.06261053179893311
-0.2312375590659518 -0.3909233881071665
-0.8781535621375204 -1.1046217724278626
-0.09760634591483766 -1.3967628318989176
0.6583737496104294 -1.0982186621872585
0.19030646896857947 -0.2846873657799555
1.3185311056758053 -0.13550682274748635
1.1138668012236936 0.7178794599750455
0.3371211894096926 0.5726362660966553
0.01598410469921769 1.3916571800874404
-0.7519559813541777 1.0118840164201837
-0.475751543736973 0.3136138149168771
-1.2435035945195856 -0.06384542353834338
-0.08123325300564552 -0.34037522407820237
-0.883176527053355 -1.037251308451748
-0.11569045449851449 -1.321505304019318
0.6142387993636419 -1.0290123703773337
0.04034024133280045 -0.2242861282630852
1.2452506360535207 -0.14464700721690807
1.0587497173731437 0.7023698690155246
0.2687799665075522 0.46339908633732696
0.012013340970172507 1.323414155924407
-0.73973270961371 0.9508120323214347
-0.3667120037718762 0.26583056311146114
-1.1397920882590515 -0.06242427642931981
0.06873835041583554 -0.2892335405095541
-0.8899014259219948 -0.9692924043995699
-0.13595131421778306 -1.2493972952281125
0.5686813834754516 -0.959550457954014
-0.10963546981610461 -0.16377756392191284
1.1731464197293686 -0.15437431834093704
1.0053849587548307 0.6899356664172639
0.19613309950930524 0.3550794807753002
0.0077372008023713365 1.2595493232565373
-0.7315940911806414 0.8936592583678701
-0.2570217840907904 0.21769953175073206
-1.0318796056254869 -0.05901965811631832
0.21874900779276 -0.23900173200241767
-0.8998986547168083 -0.8996551544244635
-0.15604527640029014 -1.181200947887294
0.5202663394952175 -0.8903323053103696
-0.2595985738933271 -0.1025661019950415
1.1016490113661233 -0.16357427216748843
0.9526331346460233 0.6779629409336965
0.11835433249320182 0.24973343604130455
0.0015735626869471898 1.1984365272169855
-0.7257435103962387 0.8395730302797856
-0.14553047196710472 0.1682458476091678
-0.919692860379919 -0.05341533491492251
0.36871528746930887 -0.18804544025247083
-0.9143356244822957 -0.8289546936881209
-0.1768888121639443 -1.115580695471156
0.46799160784248184 -0.8195915638486356
-0.40955592571539773 -0.040181669503922705
1.0306333140437143 -0.17423655229332916
0.9009492660389294 0.6671289533394403
0.034788456230046005 0.14572070565239464
-0.00505695484990119 1.1416885989065189
-0.7237328591882936 0.7864966986363314
-0.03159397006781417 0.11679218143859196
-0.8028817962137749 -0.04605390181934308
0.518679973830689 -0.13536838326946918
-0.9335316123485692 -0.7564792748107418
-0.1963086984382317 -1.053025320870455
0.41111989374091484 -0.7463591423600819
-0.5595056835973464 0.023890346138345155
0.959057887910173 -0.18565456247284567
0.8490267043469973 0.6552896179414669
-0.055083855710980414 0.045086686369348816
-0.014000618507678687 1.0871366574405845
-0.7235529606578166 0.7340054274938863
0.08533980176101003 0.06284107311321152
-0.6814675200863913 -0.03729708893657539
0.6686404984440152 -0.08023969966755479
-0.9583802694105358 -0.6826114309448508
-0.21495216499925812 -0.9917888065057591
0.3496907455206737 -0.6695050210419661
-0.709453390196847 0.08987688066657723
0.8866202038727855 -0.19954689097832512
0.797895819941198 0.6426184924284675
-0.15068139828740232 -0.05436240558836147
-0.02659402269351497 1.0365179009029173
-0.72684596776023 0.6802519300970866
0.2055759636547277 0.006077259026747037
-0.555476685210197 -0.027253955836455047
0.8185819511341815 -0.0221905663048301
-0.9878361607470296 -0.6072606716111908
-0.23098201869916296 -0.932221634762888
0.282852714621523 -0.5887105675993686
-0.8593125812085175 0.15798008147252512
0.8122056685709432 -0.21495082317648923
0.7455488255785147 0.6285468944023157
-0.2525662321550696 -0.15178084257610208
-0.04343179368459138 0.9875352780378247
-0.731748450480093 0.6245323720889936
0.3292169524783491 -0.05366223096238491
-0.42515909807893826 -0.01647347459730296
0.9683504107866183 0.039033368785381925
-1.022865841733412 -0.5308793362029864
-0.24492042346462328 -0.8722428933827484
0.2123868586107353 -0.5031320517243469
-1.0088842800005298 0.22823330705190847
0.7353605815485994 -0.23268726370122667
0.693452507516324 0.6126232789517005
-0.35870221006389685 -0.24917071948290342
-0.06550022531882282 0.9420291366244
-0.7397286477904772 0.5655432558516681
0.4561920285800455 -0.11641057974972895
-0.29081479605973415 -0.005083204126942889
1.1176383295705727 0.10351410202244085
-1.0613907327374825 -0.45337802593339294
-0.25521832216652207 -0.8117027834411026
0.1371887658383005 -0.4149457064440856
-1.1578358356583915 0.3005923286219637
0.6552001627504357 -0.25174196071076077
0.6396956956182416 0.594607507789932
-0.46758295526552307 -0.34789616162279824
-0.09259635831572105 0.897835469027713
-0.7489343683239215 0.5022857337980544
0.5862665399567003 -0.18208722652101372
-0.1528597983453919 0.006465268205711904
1.2660365379330072 0.1711970398173086
-1.1040639392568563 -0.3754975165071842
-0.26189700246873565 -0.7490109119346314
0.05861482922580549 -0.3229328501231332
-1.3057468269169783 0.3749106557264594
0.5707362474283662 -0.2724423177830232
0.5855775620744157 0.5740177866687471
-0.5779237993388202 -0.44887941091059025
-0.12556347505956833 0.8554625197923151
-0.7592253232293406 0.43395365177357065
0.7190770877971049 -0.25052317990908024
-0.011774249393010944 0.01785344873294139
1.4130723861141 0.24191892191961778
-1.1483497851502535 -0.29690523355685094
-0.26375906284509687 -0.6835689995837666
-0.0244470289984038 -0.22661910206416214
-1.452133301465269 0.4509628359345061
0.4813479853450935 -0.2937641567142244
0.5294075344955465 0.5505418021417026
-0.6886273277908885 -0.5527018638733907
-0.16369853845725096 0.8127628281962215
-0.7690871997583034 0.3599123288993626
0.8541621073388588 -0.32148223443721125
0.13192114144950745 0.028828976804976075
1.558228933137913 0.31542793016926873
-1.1928565579559465 -0.21802557540990586
-0.26040531531083416 -0.6142717278852172
-0.11015587707546944 -0.12528238761540572
-1.5964649563581461 0.5284569761997591
0.38636217874491263 -0.31579712598795623
0.47190265001601156 0.5241955536186327
-0.7987408819728697 -0.6596651797430668
-0.2065722248286617 0.7702337186790246
-0.777426151787035 0.27966308801057543
0.990992170439509 -0.3946760161456508
0.27770122519810203 0.03922232291983561
1.7009566227184962 0.3913976961263874
-1.2356793628466947 -0.13867983950034918
-0.25102083753810733 -0.5402906512842518
-0.19977235297220686 -0.01896093096224201
-1.7381782003845336 0.6070474200934249
0.28554350315272264 -0.33767491030837704
0.4119506191563733 0.4945284000125738
-0.9074242678794058 -0.7698473946139799
-0.2536913722271217 0.7260402203180559
-0.782971128167275 0.19283219559722894
1.1289878067727461 -0.46977476395958356
0.42506457235435724 0.04893011683216012
1.8406848376821952 0.4694397835386618
-1.2752632547609022 -0.05889966157141979
-0.23582012203074718 -0.46094718483987873
-0.291634903350844 0.09292039483614267
-1.876689966664924 0.686345416933124
0.17846599040609512 -0.35918225412709687
0.34974851933644263 0.46177535610526843
-1.0139287692475822 -0.8831412939109633
-0.30501754071004517 0.6788315493030871
-0.7846463068263457 0.09915036717175935
1.2675311295300289 -0.5464150105137118
0.57355665407776 0.05788815084973993
1.9768340381893472 0.549115368290216
-1.3103441435531524 0.02136465154324882
-0.21506413894841453 -0.37572351718890046
-0.3852505112887303 0.2105396706518194
-2.01141142464424 0.7659296248959498
0.06532526409520413 -0.3797337308410783
0.2845797119133118 0.42573692680622144
-1.1175843046900187 -0.9992863263318598
-0.35974084861311545 0.6275205086292834
-0.781468109443593 -0.0013681345320315647
1.4059749507928534 -0.6242057082829131
0.7227862300015178 0.06605277398519621
2.1088286085568764 0.6299465370751172
-1.3399006707581682 0.10234486166105786
-0.18958843893075167 -0.28422807674331285
-0.4796053169144159 0.33408927980519704
-2.1417627318034507 0.8453563388513505
-0.053750447658912626 -0.3990519472184837
0.21631896146355828 0.38662868062250805
-1.2177909690426354 -1.1178972482852707
-0.41765543497559304 0.5712365001345249
-0.772617322406876 -0.10842588346144803
1.5436510895319049 -0.7027337226515584
0.8724403147736137 0.0733909979867348
2.236110510503479 0.7114274077544651
-1.3631167013078478 0.1842122012298641
-0.1599204910094745 -0.18636624527730009
-0.5739922405738029 0.4632982917805529
-2.2671882990400487 0.9241699538585951
-0.17833446795972735 -0.41680229392516827
0.14456894377268292 0.3443926255197738
-1.3140140330477146 -1.2384896293773362
-0.47751241042915504 0.5092882416741743
-0.757431751618569 -0.2215238892278002
1.679878741944254 -0.7815692607244616
1.0222911188735797 0.07987903434866747
2.3581535492719845 0.7930353020974225
-1.3793445495997227 0.26723620976569873
-0.1271712932206648 -0.08205221867853511
-0.6677923542409969 0.5976389203542944
-2.3871723068005988 1.001913583954303
-0.3079656774411418 -0.4327594313816187
0.06909643454332082 0.29911752357780813
-1.4057818559006496 -1.3605023779581817
-0.5387172937410172 0.44113301146174577
-0.7353994382598067 -0.3400486383876268
1.813973498081682 -0.8602715221744186
1.172196094928457 0.08550194394230046
2.474477804399736 0.8742420008986609
-1.3880759024898155 0.3517063674128121
-0.09199429496520578 0.0284457811677908
-0.7605146723410434 0.7364058870598221
-2.5012538212040285 1.0781397526745857
-0.4420860826428473 -0.4467342395525175
-0.010351694749076781 0.2508139736044688
-1.492685930595703 -1.4833177297204196
-0.6000128365987546 0.36635064426511993
-0.7061614973163918 -0.4633255074950342
1.9452573682159033 -0.9383949224284631
1.3220658680168351 0.09025319476910851
2.5846634728821654 0.9545251391369803
-1.3889173924802236 0.4379222651845516
-0.05543801885352557 0.1449033891234799
-0.8517589608444701 0.8788042074569857
-2.609040546289604 1.1524209644776702
-0.580094847833645 -0.4585825324244223
-0.09398057900112951 0.19952024526317463
-1.57438246668764 -1.606279098096666
-0.6602911065588051 0.28462283366139585
-0.6695251417529099 -0.5906543467646166
2.0730701489592946 -1.0154958907067848
1.471736431002136 0.09413442209662133
2.688363215290824 1.0333795022790926
-1.3815706604385523 0.5261466686849712
-0.018374006023638166 0.2669370606833639
-0.941182411879487 1.0239356722745996
-2.710220302091962 1.22435970616426
-0.7213651626573885 -0.4681931613470772
-0.18195800315545696 0.14526536498457124
-1.6505948547149132 -1.7287073442272602
-0.7185505032411107 0.19571672362453613
-0.6254593774961934 -0.7213290335215712
2.196781862520333 -1.091140363343478
1.6209194950730799 0.09715524621721873
2.785312104529313 1.1103279019618093
-1.3658170923016488 0.6165143957292286
0.018541505988079257 0.39407686379271123
-1.0284701401223126 1.1708101780804532
-2.8045693586704523 1.2935974241820791
-0.8652755150389222 -0.4754822947939924
-0.2743970181823681 0.08808457640763079
-1.7211162675611837 -1.8499159598545434
-0.7739165183336029 0.09947591849607079
-0.5740755568241613 -0.8546514416334138
2.3158060798866456 -1.164911724111373
1.7692139416827026 0.09933310443338007
2.875334374785263 1.1849312217874244
-1.341504983489438 0.7090207038708156
0.054825068859766124 0.5258079249890008
-1.1133160448171355 1.3183961385969623
-2.8919569641525515 1.3598220582118292
-1.0112384510816967 -0.48039054075967574
-0.3713438846397924 0.02802061909626819
-1.7858117528148736 -1.9692254827902533
-0.8256390308583036 -0.0041204117608172885
-0.51560378341979 -0.9899383960042815
2.4296134020914484 -1.2364190168310176
1.9161277042646665 0.10069308793756415
2.95834642467492 1.2567971643497722
-1.3085400351181398 0.8035377677079991
0.09008892854186448 0.6615958338674591
-1.195414956316591 1.465664184052272
-2.9723458075072013 1.4227736981670736
-1.1587251074412108 -0.4828858679262224
-0.4727630544207062 -0.034866852276165906
-1.8446192033819313 -2.0859774055061044
-0.8730863541479746 -0.11481679103274428
-0.45037381673744753 -1.126520979127362
2.5377441971270045 -1.3053049642230294
2.061101096869645 0.10126771853895712
3.034355896280102 1.3255872238959605
-1.2668834233477904 0.8998487694435452
0.12397273179752338 0.8008905606579783
-1.2744639507208075 1.6116168746500588
-3.045788485103555 1.4822481352653603
-1.307284943053618 -0.48296604744740523
-0.5785265509697697 -0.1004930020687892
-1.8975487273310758 -2.1995474974741493
-0.9157409483882243 -0.2321425862076629
-0.3787989613614925 -1.2637427834586685
2.6398195634064394 -1.3712533704315681
2.203529570893905 0.10109669138003304
3.103456974901578 1.3910215928338172
-1.21658232780357 0.9976836332130897
0.15614138886980955 0.9431274124407656
-1.3501696913629837 1.7553058296843922
-3.112437741660947 1.5381090063886205
-1.45649931443281 -0.48065959316279344
-0.6884086843145512 -0.16874008012268737
-1.9446801913564107 -2.3093583603137207
-0.9531953662220795 -0.3554872163840024
-0.3013621152470533 -1.4009583470959666
2.7355495870457975 -1.4339953194841897
2.3427855637282624 0.10022640688473305
3.165836717683545 1.4528913941163857
-1.1578135487919585 1.0967439390203728
0.18630108250690028 1.087748266326068
-1.422258059367897 1.8958402844400846
-3.1725289084558317 1.5902833183121399
-1.6058788366997983 -0.47602534557404524
-0.8020867754456873 -0.2394505259097774
-1.9861587818589703 -2.4148908034223706
-0.9851472289800443 -0.48416071816630935
-0.21860393730361188 -1.53753197390514
2.8247381949089845 -1.4933138130604946
2.4782394645569217 0.09870941292420893
3.22176111960655 1.5110582160898813
-1.0908722786514913 1.1967253665249307
0.21419751567369488 1.2342253228351439
-1.4904835047396872 2.032392869425211
-3.2263580704155785 1.6387526410802382
-1.7548611079999632 -0.4691510850331461
-0.9191484714875011 -0.3124217695634861
-2.0221887696937366 -2.5156936174634996
-1.0113925515166902 -0.617445858571891
-0.1311128435309053 -1.6728372060550856
2.9072841721003178 -1.549046481332985
2.609279755834754 0.09660361762584009
3.2715525488924544 1.5654456653890503
-1.01614992281122 1.2973297579216052
0.23961519578692983 1.3820869038652728
-1.5546374338427313 2.16420705137987
-3.274264121219254 1.6835450997316483
-1.9028256019367138 -0.4601515740900277
-1.0391038425263168 -0.38740363908207365
-2.053025758450367 -2.6113911912498837
-1.0318170183280941 -0.7546366981454861
-0.03951648742398958 -1.8062572599401618
2.983184423887114 -1.601089868943586
2.7353320194998614 0.09397133258147718
3.3155716881114143 1.6160316116640885
-0.9341147019778944 1.3982685078694936
0.26237770420704465 1.5309379437499615
-1.614555490123864 2.2906066369790894
-3.316613938277052 1.7247278882097294
-2.049110589704153 -0.4491662281854605
-1.1613995123957144 -0.46409923428359284
-2.078967877317209 -2.701688602602509
-1.0463861654925821 -0.8950650889006024
0.05552568495042348 -1.9371866002852949
3.052540493782704 -1.649406144565896
2.855876365588659 0.09087815299288811
3.3542028025194415 1.6628406775480116
-0.8452969774174507 1.4992570949101733
0.2823495278842456 1.6804050350846795
-1.6701231847427485 2.4110062234148035
-3.353790308013432 1.7624003728489726
-2.193030541413738 -0.43635639784429164
-1.285432573508359 -0.5421695302026077
-2.100346394214515 -2.7863739274246258
-1.055136003037917 -1.0381185666897046
0.15332922848186736 -2.065033978316042
3.115534974236061 -1.6940116284025453
2.970462520347088 0.08739170490337998
3.3878419314670047 1.7059370944159264
-0.750279067069946 1.600002277512779
0.2994341827269589 1.830023203991606
-1.7212795050157799 2.5249208183444263
-3.386182280883778 1.796687800268234
-2.333893320268664 -0.42190252279946355
-1.4105627870416826 -0.6212404585151031
-2.117516233449227 -2.8653177307327735
-1.0581652744727361 -1.183247869732949
0.2531913348195415 -2.189227120715058
3.172412554926984 -1.7349674318323942
3.0787219133021995 0.08358030865222678
3.4168875827569085 1.7454180087776312
-0.6496846972464111 1.7001971306239614
0.31356990653979977 1.9792164846154914
-1.7680181662914012 2.631973371963269
-3.414177551024856 1.8277356729744936
-2.471017303241597 -0.4060009072710754
-1.536123146221911 -0.7009106169554249
-2.1308546479292265 -2.9384867229166893
-1.055629332222624 -1.3299284211670406
0.35439771309014656 -2.3092190939309685
3.223463724982189 -1.7723710783621454
3.1803761028720676 0.07951163373559864
3.441733521857685 1.781407305415198
-0.5441675967522761 1.7995300383647295
0.3247286310948889 2.1273043669742577
-1.8103864932960465 2.731899084821663
-3.438156576634323 1.855704695131212
-2.603748375203762 -0.38886016795190764
-1.6614295870664815 -0.7807586227032746
-2.1407460487890013 -3.005927732680006
-1.0477349913300107 -1.4775983301948328
0.45623010174936174 -2.4244962704928663
3.2690109727902508 -1.806349016740126
3.2752411867346547 0.07525140251688374
3.4627632973205897 1.8140499983892033
-0.43440271288078813 1.8976965680739641
0.33291707937190607 2.2735224972937162
-1.8484820570860916 2.82454575429912
-3.4584881006306665 1.8807663421482625
-2.731476622623816 -0.3706973568355663
-1.7857904177252832 -0.8603502798196502
-2.1475711736153253 -3.067753783453331
-1.0347359030006618 -1.6256523193704737
0.5579746579693384 -2.5345876167755814
3.3093973073479424 -1.8370500291964718
3.3632398675391424 0.07086212142888873
3.4803461519909678 1.843507186105555
-0.32108065648368195 1.9944108373237184
0.3381784244688682 2.417049469579179
-1.8824559638541434 2.9098863263585883
-3.4755258508766596 1.9030990174747084
-2.853652162475324 -0.35173378362069607
-1.908516099344874 -0.9392458118535324
-2.151699184968864 -3.124131440145834
-1.0169282798431916 -1.773449171684672
0.6589314162409718 -2.6390747344862815
3.3449768749487996 -1.8646394543421843
3.444402833908156 0.0664017716329964
3.4948341202383517 1.869951576402761
-0.20490509937744716 2.0894129146125384
0.34059377213563813 2.5570363583223203
-1.9125044147816805 2.9880093459547394
-3.4896061781535592 1.922884732739149
-2.969799238672516 -0.33219068410698094
-2.0289296641475483 -1.0170073799381014
-2.153482101668787 -3.1752694320405395
-0.9946467557246707 -1.9203211493857895
0.7584246473900901 -2.737601929909131
3.3761073502461865 -1.889294182498601
3.518848575846539 0.06192301625883019
3.506560000966811 1.8935635628309628
-0.0865921920310197 2.182470601020536
0.34028284465078135 2.6926377584645422
-1.9388544261072098 3.0590952071186335
-3.5010464593880073 1.9403062933254012
-3.0795277586242866 -0.31228486373373326
-2.1463779313298166 -1.093206923892955
-2.153251035137897 -3.22140855086437
-0.9682602221717365 -2.0655839938610563
0.8558139395123143 -2.829885389724118
3.403143867560142 -1.9111983971609654
3.586766192502447 0.057472765526154115
3.5158360844319048 1.9145278156676835
0.03312927509397591 2.2733748659108546
0.3374036333619742 2.8230442032562855
-1.9617527334702334 3.123395877675578
-3.5101441254931722 1.9555449327118803
-3.182541520153145 -0.29222453731719816
-2.260243402815775 -1.167434297402635
-2.151313800976713 -3.2628128522782647
-0.9381674342779566 -2.2085474147611075
0.950505423501735 -2.9157205508074084
3.4264343039664693 -1.9305399345662762
3.6483999829802767 0.05309201520791225
3.5229534550280763 1.9330303743664976
0.15351848314747038 2.3619298624638323
0.3321507422804358 2.9475153878165115
-1.9814569244354636 3.1812171375304366
-3.5171761652651594 1.9687783785908048
-3.2786425909014234 -0.27220555950147113
-2.3699565174913513 -1.2393054619154567
-2.1479535937792615 -3.29976204902143
-0.9047922439867353 -2.3485261595705267
1.0419624381076031 -2.9949868412547413
3.4463156148717475 -1.9475072443102206
3.704035865461081 0.04881588441541872
3.528181760775022 1.949256190064856
0.2738260509520823 2.4479404496850616
0.32475115012523953 3.065411925297332
-1.9982284105532482 3.232903326626736
-3.522399015185064 1.9801792449322548
-3.367731644064941 -0.25240820714017426
-2.475007602049117 -1.308470407236545
-2.143428520445674 -3.3325450454640566
-0.8685783333340751 -2.4848518022878987
1.1297149710976029 -3.067649220475486
3.4631110984985716 -1.9622868686880484
3.753989620075608 0.04467381002731982
3.5317693383140156 1.9633870822450306
0.393301853489824 2.5312023051489065
0.3154566649210508 3.176221178760658
-2.0123269597627886 3.278824440636028
-3.5260487711769 1.9899137814992944
-3.4498282032224905 -0.23299164860495158
-2.5749576617251844 -1.3746203926721448
-2.1379717247250003 -3.3614545009373376
-0.8299834345541854 -2.6168852167210876
1.213367072201033 -3.133756299388982
3.4771284192326113 -1.9750614058099112
3.798596880871451 0.04068984598898376
3.5339436177070294 1.9756000715106719
0.511206614924447 2.611498730768109
0.30453396860046855 3.2795730325051493
-2.024006538011504 3.31936541365391
-3.528341636218034 1.9981409156390029
-3.5250479003071695 -0.21409331524384817
-2.669447246025949 -1.4374940019830256
-2.1317919758641506 -3.3867823370600316
-0.7894729373419407 -2.7440295284782463
1.292601730317037 -3.1934351735741613
3.4886582641201165 -1.986007820964864
3.8382047457068564 0.03688303348279584
3.534911748864266 1.9860660388836526
0.6268252027246206 2.6886053416084392
0.2922546123957871 3.3752437461330937
-2.033512137703817 3.3549173706385833
-3.5294745600390414 2.0050115254573173
-3.593583139739561 -0.19582900007637308
-2.7582026084623195 -1.4968816457311482
-2.1250745956833637 -3.4088160506331406
-0.7475130072807177 -2.865743089550135
1.3672012302304477 -3.246902083773686
3.4979734800173827 -1.9952961912956322
3.87316482728672 0.03326780375936848
3.534861385404838 1.9949486835607375
0.7394798055920327 2.7623003693105463
0.27888733769969754 3.463168490505127
-2.0410774938643717 3.3858705699991916
-3.5296260121559153 2.010667935442379
-3.65568592345771 -0.17829353477658452
-2.84103865648153 -1.5526281845262355
-2.1179826465695824 -3.4278357855341373
-0.704563374182574 -2.981551792019133
1.4370367214256545 -3.2944403407941047
3.5053286337293237 -2.0030887152788592
3.9038276160221073 0.029854423049936754
3.5339616003855627 2.0024037344296537
0.8485424933201398 2.832376597050205
0.26469035354710657 3.5434227641826075
-2.0469234934810947 3.4126088187789603
-3.5289568430415197 2.0152436267240375
-3.7116528361207552 -0.16156191341510298
-2.917866697302067 -1.6046387501823356
-2.110658254229217 -3.444112011010517
-0.661069993081018 -3.091059898777421
1.502056354700362 -3.336380175727304
3.5109599048138667 -2.0095390237066386
3.9305379589705707 0.026649457697192548
3.532363879231832 2.00857838990681
0.9534471946090131 2.8986522528325342
0.24990575843871374 3.616193031729379
-2.0512571317206674 3.4355051484032666
-3.527611261312026 2.0188630405394212
-3.761812163968773 -0.14569069845429142
-2.988699797832579 -1.6528832998377871
-2.103224073510192 -3.457903743484744
-0.6174579084603075 -3.1939585755255306
1.5622741691684676 -3.3730824181094587
3.5150852359215867 -2.014791697829464
3.953631476588703 0.023656201249758625
3.530203171320819 2.0136109677829492
1.0537005789465521 2.9609799422031498
0.23475600465791763 3.681751261593818
-2.0542709106271397 3.4549185203008093
-3.525717822713372 2.0216416107399544
-3.8065129885389055 -0.13071961536305354
-3.0536329064689594 -1.6973852613385068
-2.0957847334644026 -3.4694572320933514
-0.5741246231922925 -3.290031383908997
1.6177596980414368 -3.404925222974291
3.517904690794318 -2.0189819859726548
3.973431813721042 0.020875096877583963
3.527598970058811 2.0176306661560024
1.1488910157450667 3.019253305297472
0.21944186202986563 3.74043280830819
-2.056142611867983 3.4711914237891404
-3.5233904458006764 2.023685832494163
-3.8461161133907167 -0.11667320779884696
-3.1128264756726147 -1.7382121951723708
-2.0884283836934343 -3.4790050610517578
-0.5314343237799749 -3.3791563188526266
1.6686282694876373 -3.4322936292447332
3.5196009874087086 -2.0222356949005946
3.990248600925095 0.01830413888629196
3.524656406674031 2.0207575496506887
1.2386948643451672 3.0734111626526883
0.2041414759988355 3.7926175871639884
-2.0570353246284054 3.4846481772054747
-3.520729456410906 2.0250934495146673
-3.8809866521893683 -0.10356257591241504
-3.1664920209522003 -1.7754673728574712
-2.0812282131365176 -3.4867655594162055
-0.4897131449418597 -3.461304500657873
1.71503220816588 -3.4555712992156478
3.52034014227643 -2.024669215899743
4.004375908343707 0.015939261607313564
3.5214673427044594 2.0231025833668936
1.3228869076500753 3.1234439304637203
0.1890102734192048 3.838714400437316
-2.05709773830672 3.4955937986586143
-3.5178226158019497 2.0259537141443498
-3.911488046779727 -0.09138706144042318
-3.214879506757711 -1.8092823274919818
-2.074243889015793 -3.4929424850485775
-0.4492380677695009 -3.5365576887425725
1.757152887190231 -3.4751341941585165
3.5202722607550543 -2.0263896179256107
4.01609125050727 0.013774688361297256
3.51811144196082 2.0247677979297234
1.4013526155185798 3.1694006863685065
0.17418145729804074 3.8791481068130436
-2.056464568049835 3.5043133858425564
-3.5147461344074387 2.0263477076832226
-3.937977303747475 -0.08013588313174518
-3.258266512105442 -1.8398102924799657
-2.067522982160965 -3.4977249954262644
-0.4102389432987595 -3.6050845179369904
1.795193670107237 -3.4913458395584493
3.519532319143739 -2.027494930203377
4.0256550238861335 0.011803262643522381
3.5146572154594957 2.025846530768109
1.4740702159020256 3.2113770386595424
0.15976699656518376 3.9143493169386088
-2.055257122474787 3.5110718738129933
-3.511565655269452 2.0263487167968095
-3.9608012940477635 -0.06978969111293334
-3.2969490810780675 -1.8672204567225186
-2.0611022930297787 -3.5012877563690945
-0.37290078144792527 -3.6671215465346267
1.8293737049674363 -3.5045538394143367
3.518241056351962 -2.028074409459674
4.0333101737860515 0.010016733525929524
3.511163025845944 2.02642372528892
1.541095681269666 3.2495054910820116
0.1458588922697275 3.9447462629247725
-2.0535839517257264 3.5161141165655887
-3.508337202353622 2.026022605157076
-3.9802939211965733 -0.06032202174682327
-3.3312340468584596 -1.8916930241130465
-2.0550091323478603 -3.5037912214042577
-0.3373667173515217 -3.7229566430828918
1.8599225641425403 -3.51508745823611
3.5165058765583215 -2.0282089048798797
4.039282195007405 0.008406023750587598
3.5076780574786195 2.026576305721764
1.6025489363031025 3.2839469896795404
0.13253065097891895 3.9707584917655345
-2.051541567804179 3.5196652051980535
-3.50510810522746 2.025428278464176
-3.9967740294213754 -0.051700640756074355
-3.3614327060680935 -1.9134149743067626
-2.0492625123085046 -3.505382042789243
-0.3037414043230953 -3.772914685182578
1.8870756320605095 -3.52325601575896
3.514421756028304 -2.0279712602146236
4.043779333658411 0.006961457706159672
3.5042432343092287 2.026373572926392
1.658601324887555 3.3148836149902476
0.11983887865954015 3.9927920820624867
-2.049215207678503 3.5219309880782594
-3.5019178431139766 2.0246181133299994
-4.010543922960135 -0.04388877364416272
-3.3878556710490377 -1.9325764756914274
-2.043874253377948 -3.506193578998104
-0.27209465931623206 -3.817345429679883
1.9110702068858683 -3.5293479393033285
3.51207214743515 -2.027426746572625
4.046992946679942 0.005672971766501307
3.5008920846807206 2.025877636462245
1.7094644017851144 3.3425123168499216
0.10782492103660953 4.011236127153336
-2.046679624977832 3.5230987492069348
-3.4987988748310768 2.02363838520653
-4.0218883923237 -0.0368462064321242
-3.410808735382426 -1.9493678958515732
-2.0388499727102225 -3.5063464879096187
-0.24246520341400218 -3.8566134316834804
1.9321422755958788 -3.5336303594694973
3.5095298766585 -2.0266335226309575
4.049098027622739 0.0045302915356008906
3.497651556460856 2.0251438313509995
1.7553800551026415 3.367039572641771
0.09651652885912745 4.026460228112761
-2.043999859930617 3.5233380198398283
-3.495777407172247 2.022529724836914
-4.031074130706217 -0.030530257812406703
-3.4305896058362095 -1.9639773291694016
-2.034190026436882 -3.505949362835439
-0.21486440720851263 -3.8910897276068304
1.9505238054658371 -3.5363490868561627
3.5068580190821512 -2.0256431047105767
4.050253840438746 0.0035230845309979393
3.4945427815125116 2.0242211716728744
1.7966119429146377 3.3886768917273504
0.08592947163553669 4.0388127849955815
-2.041232053170969 3.5228014443261912
-3.492874105999421 2.02132758007073
-4.0383495203362045 -0.024896649820906797
-3.4474853942404797 -1.9765885693560192
-2.0298903679928206 -3.505099419468936
-0.1892799362316227 -3.9211451273534514
1.9664406377437296 -3.5377289760074846
3.5041107507409612 -2.024500839786518
4.050604614637238 0.002641094264485737
3.491581782726043 2.0231528051819803
1.8334381382034355 3.407637077234376
0.0760690850935813 4.048619992175885
-2.0384241825721543 3.521625733426571
-3.490104777275758 2.0200626274307196
-4.043944675091557 -0.01990027463567615
-3.461770723597274 -1.9873795106816412
-2.0259432999849705 -3.503883193984212
-0.16567924072453744 -3.9471448619610436
1.9801107243792924 -3.5379744675164315
3.501334164732977 -2.0232463738324586
4.05028031528606 0.0018742459275348537
3.4887801128231524 2.021976465268877
1.8661448930163451 3.424131167787444
0.06693174749145178 4.05618534784766
-2.0356168381763333 3.5199326313164274
-3.4874809647637006 2.0187611559347833
-4.048071706161933 -0.015495846573643658
-3.4737063573577283 -1.9965209029804294
-2.0223381670516365 -3.50237726979349
-0.14401282063311108 -3.969444420814399
1.9917428501935797 -3.5372703675101573
3.498567052806965 -2.0219141131613667
4.049397461966455 0.0012127361819868013
3.4861454778541745 2.0207249011061426
1.895021449328943 3.4383659384775496
0.05850625521633613 4.061789579019114
-2.0328439294664142 3.5178299205384214
-3.4850105102062443 2.0174455038771018
-4.050925159290593 -0.011638451381180552
-3.483538274464781 -2.0041754096831004
-2.019061968767322 -3.500648986282834
-0.12421729620618573 -3.9883863614803143
2.001535628878829 -3.535782734428161
3.4958416447919602 -2.020533673718471
4.048059951398599 0.0006471085808356436
3.483682280085876 2.019426305285539
1.9203557535214384 3.4505419276774516
0.05077509747906189 4.065690911573385
-2.0301333661692795 3.515412416375572
-3.4826980895562567 2.016134444957946
-4.052682613046773 -0.008284018241183196
-3.491497091105844 -2.010496927318448
-2.0160998798871512 -3.4987571718522616
-0.10621816558760831 -4.004297934088608
2.0096768000762917 -3.5336598923750815
3.49318430503771 -2.019130314384698
4.0463599087159 0.00016830909607113662
3.4813921090450783 2.0181047388002074
1.9424309711339611 3.4608519054475555
0.04371560132288456 4.068125578432351
-2.027507726878464 3.5127629663704694
-3.4805456737938125 2.0148435530802717
-4.053505358354735 -0.005389691951291537
-3.4977978094714977 -2.0156301346628887
-2.013435743203762 -3.4967528261519973
-0.08993237464374587 -4.017489385826454
2.016342793957184 -3.531033488683144
3.4906161845500328 -2.0177253517365172
4.04437853099454 -0.00023227389719122026
3.479274177124567 2.0167805190927575
1.9615227099263148 3.4694797041368184
0.037300992548782226 4.06930856012173
-2.024984832165084 3.509953433847335
-3.4785529588453534 2.0135855430792073
